47,47,0,0,44,44,44,44,44,44,44,44,44,44,44,44,44,44,44,44,44,44,44,1,1,1,1,1,1,1,2,2,2,2,2,2,2,2,3,3,4,4,4,4,4,4,4,4,4,4,4,4,4,4,4,4,4,4,4,5,6,6,7,7,7,7,7,7,7,7,7,7,7,7,7,7,32,32,8,8,8,8,8,8,8,8,8,8,8,8,8,8,8,8,8,8,8,8,8,8,8,8,8,8,8,8,8,8,8,8,8,8,8,9,9,9,9,9,9,9,9,9,9,9,9,9,9,9,9,10,10,10,10,10,10,10,10,11,11,11,11,11,11,11,11,12,12,12,12,12,12,13,13,13,13,13,13,13,13,14,14,14,14,14,14,14,14,14,14,14,14,14,14,14,14,15,15,15,15,15,15,15,15,15,15,16,16,16,16,16,16,16,16,16,16,16,16,16,16,16,16,16,16,16,16,16,16,17,17,17,17,17,17,17,17,17,17,17,17,17,17,17,17,18,18,18,18,18,18,18,18,18,18,18,18,18,19,19,19,19,19,19,19,19,19,19,19,20,20,20,20,20,20,20,20,20,20,20,20,20,20,20,20,20
47,47,47,0,0,0,0,0,0,0,0,44,44,44,44,44,44,44,44,44,44,44,44,1,1,1,1,1,1,1,1,2,2,2,2,2,2,2,2,3,3,3,3,3,3,3,3,4,4,4,4,4,4,4,4,4,4,4,4,5,5,6,6,6,6,6,6,6,6,7,7,7,7,7,7,7,7,32,32,32,32,32,32,32,32,8,8,8,8,8,8,8,8,8,8,8,8,8,8,8,8,8,8,8,8,8,8,8,8,8,8,8,8,9,9,9,9,9,9,9,9,9,9,9,9,9,9,9,9,10,10,10,10,10,10,10,10,11,11,11,11,11,11,11,11,12,12,12,12,12,12,13,13,13,13,13,13,13,13,14,14,14,14,14,14,14,14,14,14,14,14,14,14,14,14,15,15,15,15,15,15,15,15,15,15,15,15,16,16,16,16,16,16,16,16,16,16,16,16,16,16,16,16,16,16,16,16,17,17,17,17,17,17,17,17,17,17,17,17,17,17,17,17,18,18,18,18,18,18,18,18,18,18,18,18,18,18,19,19,19,19,19,19,19,19,19,19,20,20,20,20,20,20,20,20,20,20,20,20,20,20,20,20,20
47,47,47,47,47,0,0,21,21,0,0,44,44,44,44,44,44,44,44,44,44,44,44,1,1,1,1,1,1,1,1,1,1,2,2,2,2,2,2,3,3,3,3,3,3,3,3,4,4,4,4,4,4,4,4,4,4,4,4,5,5,5,5,5,5,6,6,6,6,7,7,7,7,7,7,7,7,7,7,7,7,7,7,32,32,22,22,22,22,22,22,22,22,22,22,23,23,23,23,23,23,8,8,8,8,8,8,24,24,24,24,24,24,24,24,24,24,9,9,9,9,9,9,9,9,10,10,10,10,10,10,10,10,10,10,10,10,11,11,11,11,11,11,11,11,12,12,12,12,12,12,13,13,13,13,13,13,13,13,14,14,38,38,14,14,14,14,14,14,14,14,14,14,14,14,15,15,15,15,15,15,15,15,15,15,15,15,16,16,16,16,25,25,25,25,25,25,25,25,26,26,27,27,27,27,16,16,16,16,16,16,28,28,28,28,40,40,17,17,17,17,17,17,17,17,17,17,18,18,18,18,18,18,18,18,18,18,19,19,19,19,19,19,20,20,20,20,20,20,20,20,20,20,20,20,20,20,20,20,20,20,20,20,20
47,47,47,47,47,0,0,21,21,0,0,44,44,44,44,44,44,44,44,44,44,44,44,1,1,1,1,1,1,1,1,1,1,2,2,2,2,2,2,3,3,3,3,3,3,3,3,4,4,4,4,4,4,4,4,4,4,4,4,5,5,5,5,5,5,6,6,6,6,7,7,7,7,7,7,7,7,7,7,7,7,7,7,32,32,22,22,22,22,29,29,29,29,22,22,23,23,23,23,23,23,8,8,8,8,8,8,24,24,24,24,24,24,24,24,24,24,9,9,9,9,9,9,9,9,10,10,10,10,10,10,10,10,10,10,10,10,11,11,11,11,11,11,11,11,12,12,12,12,12,12,13,13,13,13,13,13,13,13,14,14,38,38,14,14,14,14,14,14,14,14,14,14,14,14,15,15,15,15,15,15,15,15,15,15,15,15,15,15,15,15,25,25,25,25,25,25,25,25,26,26,27,27,27,27,16,16,16,16,16,16,28,28,28,28,40,40,17,17,17,17,17,17,17,17,17,17,18,18,18,18,18,18,18,18,18,18,19,19,31,31,19,19,20,20,20,20,20,20,20,20,20,20,20,20,20,20,20,20,20,20,20,20,20
47,47,47,47,47,0,0,21,21,0,0,44,44,44,44,44,44,44,44,44,44,44,44,1,1,1,1,1,1,1,1,1,1,2,2,2,2,2,2,3,3,3,3,3,3,3,3,4,4,4,4,4,4,4,4,4,4,4,4,5,5,5,5,5,5,6,6,6,6,7,7,7,7,7,7,7,7,7,7,7,7,7,7,32,32,22,22,22,22,29,29,29,29,22,22,23,23,23,23,23,23,8,8,8,8,8,8,24,24,24,24,24,24,24,24,24,24,9,9,9,9,9,9,9,9,10,10,10,10,10,10,10,10,10,10,10,10,11,11,11,11,11,11,11,11,12,12,12,12,12,12,13,13,13,13,13,13,13,13,38,38,38,38,14,14,14,14,30,30,30,30,30,30,14,14,30,30,15,15,15,15,15,15,15,15,15,15,15,15,15,15,25,25,25,25,25,25,25,25,26,26,27,27,27,27,16,16,16,16,16,16,28,28,28,28,40,40,17,17,17,17,17,17,17,17,17,17,18,18,18,18,18,18,18,18,18,18,19,19,31,31,19,19,31,31,20,20,20,20,20,20,20,20,20,20,20,20,20,20,20,20,20,20,20
47,47,47,47,47,0,0,21,21,0,0,44,44,44,44,44,44,44,44,44,44,44,44,1,1,1,1,1,1,1,1,1,1,2,2,2,2,2,2,3,3,3,3,3,3,3,3,4,4,4,4,4,4,4,4,4,4,4,4,5,5,5,5,5,5,6,6,6,6,7,7,7,7,7,7,7,7,7,7,7,7,7,7,32,32,22,22,22,22,29,29,29,29,22,22,23,23,23,23,23,23,8,8,8,8,8,8,24,24,24,24,24,24,24,24,24,24,9,9,9,9,9,9,9,9,10,10,10,10,10,10,10,10,10,10,10,10,11,11,11,11,11,11,11,11,12,12,12,12,12,12,13,13,13,13,13,13,13,13,38,38,38,38,14,14,14,14,30,30,30,30,30,30,14,14,30,30,15,15,15,15,15,15,15,15,15,15,15,15,15,15,25,25,25,25,25,25,25,25,26,26,27,27,27,27,16,16,16,16,16,16,28,28,28,28,40,40,17,17,17,17,17,17,17,17,17,17,18,18,18,18,18,18,18,18,18,18,19,19,31,31,19,19,31,31,20,20,20,20,20,20,20,20,20,20,20,20,20,20,20,20,20,20,20
47,47,47,47,47,0,0,21,21,0,0,44,44,44,44,44,44,44,44,44,44,44,44,1,1,1,1,1,1,1,1,1,1,2,2,2,2,2,2,2,2,3,3,3,3,3,3,4,4,4,4,4,4,4,4,4,4,4,4,5,5,5,5,5,5,6,6,6,6,7,7,7,7,7,7,7,7,7,7,7,7,7,7,32,32,22,22,22,22,32,32,29,29,22,22,23,23,23,23,23,23,8,8,8,8,8,8,24,24,24,24,24,24,24,24,24,24,9,9,9,9,9,9,9,9,10,10,10,10,10,10,10,10,10,10,10,10,11,11,11,11,11,11,11,11,12,12,12,12,12,12,13,13,13,13,38,38,38,38,38,38,38,38,14,14,14,14,30,30,30,30,30,30,14,14,30,30,15,15,15,15,15,15,15,15,15,15,15,15,15,15,25,25,25,25,25,25,25,25,26,26,27,27,27,27,16,16,16,16,16,16,28,28,40,40,40,40,40,40,40,40,17,17,17,17,17,17,18,18,18,18,18,18,19,19,19,19,19,19,31,31,31,31,31,31,20,20,20,20,20,20,20,20,20,20,20,20,20,20,20,20,20,20,20
47,47,47,47,47,0,0,21,21,0,0,44,44,44,44,44,44,44,44,44,44,44,44,1,1,1,1,1,1,1,1,1,1,2,2,2,2,2,2,2,2,3,3,3,3,3,3,4,4,4,4,4,4,4,4,4,4,4,4,5,5,5,5,5,5,6,6,6,6,7,7,7,7,7,7,7,7,7,7,7,7,7,7,32,32,22,22,22,22,32,32,29,29,22,22,23,23,23,23,23,23,8,8,8,8,8,8,24,24,24,24,24,24,24,24,24,24,9,9,9,9,9,9,9,9,10,10,10,10,10,10,10,10,10,10,10,10,11,11,11,11,11,11,11,11,12,12,12,12,12,12,13,13,13,13,38,38,38,38,38,38,38,38,14,14,14,14,30,30,30,30,30,30,14,14,30,30,15,15,15,15,15,15,15,15,15,15,15,15,15,15,25,25,25,25,25,25,25,25,26,26,27,27,27,27,16,16,28,28,16,16,28,28,40,40,40,40,40,40,40,40,17,17,17,17,18,18,18,18,18,18,18,18,19,19,19,19,19,19,31,31,31,31,31,31,31,31,31,31,20,20,20,20,33,33,33,33,33,33,33,33,33,33,33
47,47,47,47,47,0,0,21,21,0,0,0,0,0,0,0,0,44,44,44,44,44,44,1,1,1,1,1,1,1,1,1,1,2,2,2,2,2,2,3,3,3,3,3,3,3,3,34,34,34,34,34,34,34,34,4,4,4,4,5,5,5,5,5,5,6,6,6,6,48,48,7,7,7,7,7,7,7,7,7,7,7,7,32,32,32,32,32,32,32,32,29,29,22,22,22,22,22,22,23,23,23,23,8,8,35,35,24,24,24,24,24,24,24,24,24,24,9,9,36,36,36,36,36,36,10,10,10,10,10,10,10,10,10,10,11,11,11,11,11,11,37,37,11,11,12,12,12,12,12,12,13,13,13,13,13,13,38,38,38,38,38,38,14,14,30,30,30,30,30,30,30,30,14,14,30,30,30,30,30,30,15,15,15,15,38,38,38,38,38,38,25,25,25,25,25,25,25,25,26,26,27,27,27,27,16,16,28,28,16,16,28,28,40,40,40,40,40,40,17,17,17,17,17,17,18,18,18,18,18,18,18,18,19,19,19,19,19,19,31,31,31,31,31,31,31,31,31,31,20,20,20,20,33,33,33,33,33,33,33,33,33,33,33
47,47,47,47,47,0,0,21,21,0,0,0,0,0,0,0,0,44,44,44,44,44,44,1,1,1,1,1,1,1,1,1,1,2,2,2,2,2,2,3,3,3,3,3,3,3,3,34,34,34,34,34,34,34,34,4,4,4,4,5,5,5,5,5,5,6,6,6,6,48,48,7,7,7,7,32,32,7,7,7,7,7,7,32,32,32,32,32,32,32,32,29,29,22,22,22,22,22,22,23,23,23,23,8,8,35,35,24,24,24,24,24,24,24,24,24,24,9,9,36,36,36,36,36,36,10,10,10,10,10,10,10,10,10,10,11,11,11,11,11,11,37,37,11,11,12,12,12,12,12,12,13,13,13,13,13,13,38,38,38,38,38,38,14,14,30,30,30,30,30,30,30,30,14,14,30,30,30,30,30,30,15,15,15,15,38,38,39,39,38,38,25,25,25,25,25,25,25,25,26,26,27,27,27,27,16,16,28,28,16,16,28,28,40,40,40,40,40,40,17,17,40,40,17,17,18,18,18,18,18,18,18,18,19,19,19,19,19,19,31,31,31,31,31,31,31,31,31,31,31,31,20,20,33,33,33,33,33,33,33,33,33,33,33
47,47,47,47,47,0,0,21,21,0,0,0,0,0,0,0,0,44,44,44,44,44,44,1,1,1,1,1,1,1,1,2,2,2,2,2,2,2,2,3,3,3,3,3,3,3,3,34,34,34,34,34,34,41,41,4,4,4,4,5,5,5,5,5,5,6,6,6,6,48,48,7,7,32,32,32,32,7,7,7,7,7,7,32,32,32,32,32,32,29,29,29,29,22,22,22,22,22,22,23,23,23,23,8,8,35,35,35,35,35,35,24,24,24,24,9,9,9,9,36,36,36,36,36,36,10,10,10,10,10,10,10,10,10,10,11,11,11,11,37,37,37,37,11,11,12,12,12,12,12,12,13,13,13,13,13,13,38,38,38,38,38,38,14,14,30,30,30,30,30,30,30,30,30,30,30,30,30,30,15,15,15,15,15,15,38,38,39,39,38,38,25,25,25,25,25,25,25,25,26,26,27,27,27,27,16,16,28,28,16,16,28,28,40,40,40,40,40,40,17,17,40,40,17,17,18,18,18,18,18,18,18,18,19,19,19,19,19,19,31,31,31,31,31,31,31,31,31,31,31,31,20,20,33,33,33,33,33,33,33,33,33,33,33
47,47,47,47,47,0,0,21,21,0,0,0,0,0,0,0,0,44,44,1,1,1,1,1,1,1,1,1,1,1,1,2,2,2,2,2,2,2,2,3,3,3,3,3,3,3,3,34,34,34,34,34,34,41,41,4,4,4,4,5,5,5,5,5,5,6,6,6,6,48,48,7,7,32,32,32,32,7,7,7,7,7,7,32,32,32,32,32,32,29,29,29,29,22,22,22,22,22,22,23,23,23,23,8,8,35,35,35,35,35,35,24,24,24,24,9,9,9,9,36,36,36,36,36,36,10,10,10,10,10,10,10,10,10,10,11,11,11,11,37,37,12,12,11,11,12,12,12,12,12,12,13,13,13,13,13,13,38,38,38,38,38,38,14,14,30,30,30,30,30,30,30,30,30,30,38,38,38,38,38,38,38,38,15,15,38,38,39,39,38,38,25,25,26,26,26,26,25,25,26,26,27,27,27,27,28,28,28,28,16,16,28,28,40,40,40,40,40,40,17,17,40,40,40,40,18,18,18,18,18,18,18,18,19,19,19,19,19,19,31,31,42,42,42,42,42,42,42,42,31,31,20,20,33,33,33,33,33,33,33,33,33,33,33
47,47,47,47,47,0,0,21,21,0,0,0,0,0,0,0,0,44,44,1,1,1,1,1,1,1,1,1,1,1,1,2,2,2,2,2,2,2,2,3,3,3,3,3,3,3,3,34,34,34,34,34,34,41,41,4,4,4,4,5,5,6,6,6,6,6,6,6,6,48,48,7,7,32,32,32,32,7,7,7,7,7,7,32,32,32,32,29,29,29,29,22,22,22,22,22,22,22,22,23,23,23,23,35,35,35,35,35,35,35,35,24,24,36,36,36,36,36,36,36,36,36,36,36,36,36,36,36,36,10,10,11,11,11,11,11,11,37,37,37,37,12,12,12,12,12,12,12,12,12,12,13,13,13,13,13,13,38,38,38,38,38,38,30,30,30,30,30,30,30,30,30,30,38,38,38,38,38,38,38,38,38,38,38,38,38,38,39,39,25,25,25,25,26,26,26,26,25,25,26,26,27,27,27,27,28,28,28,28,28,28,28,28,40,40,40,40,40,40,17,17,17,17,40,40,18,18,18,18,43,43,43,43,43,43,31,31,19,19,31,31,42,42,42,42,42,42,42,42,31,31,20,20,33,33,33,33,33,33,33,33,33,33,33
47,47,47,47,47,0,0,21,21,21,21,21,21,0,0,0,0,44,44,1,1,1,1,1,1,1,1,44,44,1,1,2,2,2,2,2,2,2,2,3,3,45,45,45,45,45,45,34,34,34,34,34,34,41,41,4,4,4,4,5,5,6,6,6,6,6,6,6,6,48,48,7,7,32,32,32,32,32,32,32,32,32,32,32,32,32,32,29,29,29,29,22,22,22,22,22,22,22,22,23,23,23,23,35,35,35,35,35,35,35,35,35,35,35,35,35,35,35,35,35,35,36,36,36,36,36,36,36,36,10,10,11,11,11,11,11,11,37,37,37,37,37,37,65,65,13,13,12,12,12,12,13,13,13,13,13,13,38,38,38,38,38,38,30,30,30,30,30,30,30,30,30,30,38,38,38,38,46,46,46,46,46,46,38,38,38,38,39,39,25,25,25,25,26,26,26,26,25,25,26,26,26,26,27,27,27,27,28,28,28,28,28,28,28,28,28,28,40,40,17,17,17,17,40,40,18,18,18,18,43,43,43,43,43,43,31,31,19,19,31,31,42,42,42,42,42,42,42,42,31,31,31,31,33,33,33,33,33,33,33,33,33,33,33
47,47,47,47,47,0,0,47,47,21,21,21,21,0,0,0,0,44,44,1,1,1,1,1,1,1,1,44,44,1,1,2,2,2,2,2,2,2,2,3,3,45,45,45,45,45,45,34,34,34,34,34,34,41,41,4,4,5,5,5,5,5,5,6,6,6,6,6,6,48,48,7,7,32,32,32,32,32,32,48,48,32,32,32,32,32,32,29,29,29,29,22,22,22,22,22,22,22,22,23,23,23,23,35,35,35,35,35,35,35,35,35,35,49,49,49,49,35,35,35,35,36,36,36,36,36,36,36,36,10,10,11,11,11,11,11,11,37,37,37,37,37,37,65,65,13,13,13,13,13,13,13,13,13,13,13,13,38,38,38,38,38,38,30,30,30,30,30,30,30,30,30,30,38,38,38,38,46,46,46,46,46,46,38,38,38,38,39,39,25,25,25,25,26,26,26,26,26,26,26,26,26,26,27,27,27,27,28,28,28,28,28,28,28,28,28,28,40,40,40,40,40,40,40,40,18,18,18,18,43,43,43,43,43,43,31,31,19,19,31,31,42,42,42,42,42,42,42,42,31,31,31,31,33,33,33,33,33,33,33,33,33,33,33
47,47,47,47,47,0,0,47,47,21,21,21,21,0,0,0,0,44,44,44,44,44,44,44,44,44,44,44,44,2,2,2,2,2,2,2,2,2,2,3,3,45,45,45,45,45,45,34,34,34,34,34,34,41,41,4,4,5,5,5,5,5,5,6,6,6,6,6,6,48,48,7,7,32,32,32,32,32,32,48,48,32,32,32,32,32,32,29,29,29,29,22,22,22,22,22,22,22,22,23,23,23,23,35,35,35,35,35,35,35,35,35,35,49,49,49,49,35,35,35,35,36,36,36,36,36,36,36,36,10,10,11,11,11,11,11,11,37,37,37,37,37,37,65,65,65,65,65,65,65,65,65,65,65,65,65,65,65,65,38,38,38,38,38,38,38,38,38,38,38,38,38,38,38,38,46,46,46,46,46,46,39,39,39,39,39,39,39,39,25,25,25,25,26,26,26,26,26,26,26,26,27,27,27,27,27,27,28,28,28,28,28,28,28,28,28,28,28,28,40,40,40,40,40,40,40,40,18,18,43,43,43,43,43,43,31,31,19,19,31,31,42,42,42,42,42,42,42,42,42,42,42,42,42,42,42,42,50,50,33,33,33,33,33
47,47,47,47,47,47,47,47,47,21,21,0,0,0,0,60,60,60,60,60,60,60,60,60,60,60,60,60,60,2,2,2,2,2,2,45,45,45,45,45,45,45,45,34,34,34,34,34,34,34,34,34,34,41,41,4,4,4,4,51,51,51,51,51,51,6,6,6,6,48,48,7,7,48,48,48,48,48,48,48,48,48,48,48,48,29,29,29,29,29,29,52,52,52,52,52,52,52,52,23,23,23,23,35,35,35,35,35,35,35,35,35,35,49,49,71,71,71,71,71,71,71,71,71,71,36,36,36,36,10,10,53,53,53,53,53,53,53,53,37,37,37,37,65,65,54,54,54,54,65,65,65,65,65,65,55,55,55,55,55,55,56,56,56,56,56,56,56,56,38,38,38,38,38,38,46,46,46,46,46,46,39,39,39,39,39,39,39,39,39,39,109,109,26,26,26,26,26,26,26,26,27,27,57,57,57,57,57,57,57,57,58,58,58,58,58,58,28,28,28,28,28,28,28,28,40,40,18,18,43,43,43,43,43,43,31,31,19,19,31,31,42,42,42,42,42,42,42,42,59,59,42,42,42,42,42,42,50,50,33,33,33,33,33
47,47,47,47,47,21,21,21,21,21,21,0,0,0,0,60,60,60,60,60,60,60,60,60,60,60,60,60,60,2,2,2,2,2,2,45,45,45,45,45,45,45,45,34,34,34,34,34,34,34,34,34,34,41,41,4,4,4,4,51,51,51,51,51,51,6,6,6,6,48,48,7,7,48,48,48,48,48,48,48,48,48,48,48,48,29,29,29,29,29,29,52,52,52,52,52,52,52,52,23,23,23,23,35,35,62,62,62,62,35,35,35,35,49,49,71,71,71,71,71,71,71,71,71,71,36,36,36,36,10,10,53,53,53,53,53,53,53,53,37,37,37,37,65,65,54,54,54,54,65,65,65,65,65,65,55,55,55,55,55,55,56,56,56,56,56,56,56,56,38,38,38,38,46,46,46,46,46,46,46,46,39,39,39,39,39,39,39,39,39,39,109,109,26,26,26,26,26,26,26,26,27,27,57,57,57,57,57,57,57,57,58,58,58,58,58,58,28,28,28,28,28,28,28,28,40,40,18,18,43,43,43,43,43,43,31,31,31,31,31,31,42,42,42,42,42,42,42,42,59,59,42,42,42,42,42,42,50,50,33,33,33,33,33
47,47,47,47,47,21,21,21,21,21,21,21,21,21,21,60,60,60,60,60,60,60,60,60,60,64,64,60,60,60,60,2,2,60,60,45,45,45,45,45,45,45,45,45,45,34,34,34,34,34,34,34,34,41,41,4,4,4,4,51,51,51,51,51,51,6,6,6,6,48,48,7,7,48,48,48,48,48,48,48,48,48,48,48,48,29,29,29,29,29,29,52,52,52,52,23,23,23,23,23,23,23,23,35,35,62,62,62,62,35,35,35,35,49,49,49,49,71,71,71,71,71,71,71,71,36,36,36,36,10,10,53,53,53,53,53,53,53,53,37,37,37,37,65,65,54,54,54,54,54,54,65,65,65,65,55,55,55,55,55,55,56,56,56,56,56,56,56,56,56,56,38,38,46,46,46,46,46,46,46,46,39,39,39,39,39,39,39,39,39,39,109,109,26,26,26,26,26,26,26,26,27,27,57,57,57,57,57,57,57,57,58,58,58,58,58,58,28,28,28,28,28,28,28,28,40,40,18,18,43,43,43,43,43,43,31,31,31,31,31,31,59,59,59,59,59,59,59,59,59,59,42,42,42,42,42,42,50,50,33,33,33,33,33
47,47,47,47,47,21,21,21,21,21,21,21,21,21,21,60,60,60,60,60,60,60,60,60,60,64,64,64,64,60,60,2,2,60,60,60,60,45,45,45,45,45,45,45,45,34,34,34,34,34,34,34,34,41,41,4,4,4,4,51,51,51,51,51,51,6,6,6,6,48,48,7,7,48,48,48,48,48,48,48,48,48,48,48,48,29,29,29,29,29,29,29,29,52,52,23,23,62,62,62,62,62,62,35,35,62,62,62,62,35,35,35,35,49,49,49,49,71,71,71,71,71,71,71,71,36,36,36,36,10,10,53,53,53,53,53,53,53,53,37,37,37,37,65,65,54,54,54,54,54,54,65,65,65,65,55,55,55,55,55,55,56,56,56,56,56,56,56,56,56,56,56,56,46,46,46,46,46,46,46,46,39,39,39,39,39,39,39,39,39,39,109,109,26,26,26,26,26,26,26,26,27,27,57,57,57,57,57,57,57,57,58,58,58,58,58,58,28,28,28,28,28,28,28,28,40,40,40,40,43,43,43,43,43,43,31,31,31,31,31,31,59,59,59,59,59,59,59,59,59,59,42,42,42,42,42,42,50,50,33,33,33,33,33
47,47,47,47,47,21,21,21,21,21,21,21,21,21,21,60,60,60,60,60,60,60,60,60,60,64,64,64,64,60,60,2,2,60,60,60,60,45,45,45,45,45,45,34,34,34,34,34,34,34,34,41,41,41,41,4,4,4,4,51,51,51,51,51,51,6,6,6,6,48,48,48,48,48,48,48,48,48,48,48,48,48,48,48,48,29,29,29,29,29,29,29,29,52,52,23,23,62,62,62,62,62,62,62,62,62,62,62,62,35,35,35,35,49,49,49,49,49,49,71,71,71,71,71,71,36,36,36,36,10,10,53,53,53,53,53,53,53,53,37,37,37,37,65,65,54,54,54,54,65,65,65,65,65,65,55,55,55,55,55,55,56,56,56,56,56,56,56,56,56,56,56,56,46,46,46,46,46,46,46,46,39,39,39,39,39,39,39,39,39,39,109,109,26,26,26,26,26,26,26,26,27,27,57,57,57,57,57,57,57,57,58,58,58,58,58,58,58,58,40,40,28,28,28,28,40,40,40,40,43,43,43,43,43,43,43,43,43,43,59,59,59,59,59,59,59,59,59,59,59,59,42,42,42,42,42,42,50,50,33,33,33,33,33
47,47,47,47,47,21,21,21,21,21,21,21,21,21,21,21,21,21,21,60,60,60,60,60,60,64,64,60,60,60,60,2,2,60,60,45,45,45,45,45,45,45,45,34,34,34,34,34,34,61,61,41,41,41,41,4,4,4,4,51,51,51,51,51,51,6,6,6,6,48,48,48,48,48,48,48,48,48,48,48,48,48,48,48,48,29,29,29,29,29,29,52,52,52,52,62,62,62,62,62,62,62,62,62,62,62,62,62,62,35,35,35,35,62,62,62,62,49,49,71,71,71,71,71,71,36,36,36,36,10,10,53,53,53,53,53,53,37,37,37,37,37,37,65,65,54,54,54,54,65,65,65,65,65,65,55,55,55,55,55,55,56,56,56,56,56,56,56,56,56,56,56,56,46,46,46,46,46,46,46,46,39,39,39,39,39,39,39,39,39,39,109,109,26,26,26,26,26,26,26,26,27,27,57,57,57,57,57,57,58,58,58,58,58,58,58,58,58,58,40,40,40,40,40,40,40,40,63,63,43,43,43,43,43,43,43,43,43,43,59,59,59,59,59,59,59,59,59,59,59,59,42,42,42,42,42,42,50,50,33,33,33,33,33
47,47,47,47,47,21,21,21,21,21,21,21,21,21,21,21,21,21,21,21,21,60,60,60,60,64,64,60,60,60,60,60,60,60,60,45,45,45,45,45,45,45,45,34,34,34,34,34,34,61,61,61,61,41,41,4,4,4,4,51,51,51,51,51,51,6,6,6,6,48,48,48,48,48,48,48,48,48,48,48,48,48,48,48,48,48,48,29,29,29,29,52,52,52,52,62,62,62,62,62,62,62,62,62,62,62,62,62,62,35,35,35,35,62,62,62,62,49,49,71,71,71,71,71,71,36,36,36,36,10,10,53,53,53,53,53,53,37,37,37,37,37,37,65,65,54,54,54,54,54,54,65,65,65,65,55,55,55,55,55,55,56,56,56,56,56,56,56,56,56,56,56,56,46,46,46,46,46,46,46,46,39,39,39,39,39,39,39,39,39,39,109,109,26,26,26,26,26,26,26,26,27,27,57,57,57,57,57,57,58,58,58,58,58,58,58,58,58,58,40,40,40,40,40,40,40,40,63,63,43,43,43,43,43,43,43,43,43,43,59,59,59,59,59,59,59,59,59,59,59,59,59,59,42,42,42,42,50,50,33,33,33,33,33
47,47,47,47,47,21,21,21,21,21,21,21,21,21,21,21,21,21,21,21,21,64,64,64,64,64,64,60,60,60,60,64,64,64,64,45,45,45,45,45,45,45,45,34,34,34,34,61,61,61,61,61,61,41,41,4,4,4,4,51,51,51,51,51,51,6,6,6,6,48,48,48,48,48,48,48,48,48,48,48,48,29,29,29,29,29,29,29,29,29,29,52,52,52,52,62,62,62,62,62,62,62,62,62,62,62,62,62,62,62,62,62,62,62,62,49,49,49,49,71,71,71,71,36,36,36,36,36,36,10,10,53,53,53,53,53,53,37,37,37,37,37,37,65,65,54,54,54,54,54,54,65,65,65,65,55,55,65,65,55,55,56,56,56,56,56,56,56,56,56,56,56,56,46,46,46,46,46,46,46,46,39,39,39,39,39,39,39,39,39,39,109,109,109,109,109,109,26,26,26,26,27,27,57,57,57,57,58,58,58,58,58,58,58,58,58,58,58,58,40,40,40,40,40,40,40,40,63,63,43,43,43,43,43,43,43,43,43,43,59,59,59,59,59,59,66,66,59,59,59,59,59,59,42,42,42,42,50,50,33,33,33,33,33
47,47,47,47,47,21,21,21,21,21,21,21,21,21,21,21,21,64,64,64,64,64,64,64,64,64,64,60,60,60,60,64,64,64,64,45,45,45,45,45,45,45,45,45,45,45,45,61,61,61,61,61,61,41,41,4,4,4,4,51,51,51,51,51,51,51,51,51,51,51,51,51,51,51,51,48,48,48,48,48,48,29,29,29,29,29,29,29,29,29,29,52,52,52,52,62,62,62,62,62,62,62,62,67,67,62,62,62,62,62,62,49,49,49,49,49,49,49,49,71,71,71,71,36,36,36,36,36,36,36,36,53,53,53,53,53,53,37,37,37,37,54,54,54,54,54,54,54,54,54,54,65,65,65,65,55,55,65,65,55,55,56,56,56,56,56,56,56,56,56,56,56,56,46,46,46,46,46,46,46,46,39,39,39,39,39,39,39,39,39,39,39,39,39,39,109,109,26,26,26,26,27,27,57,57,57,57,58,58,58,58,58,58,58,58,58,58,58,58,40,40,40,40,40,40,40,40,63,63,63,63,63,63,63,63,63,63,43,43,66,66,66,66,66,66,66,66,59,59,59,59,59,59,50,50,50,50,50,50,33,33,33,33,68
47,47,47,47,47,21,21,21,21,21,21,21,21,21,21,21,21,64,64,64,64,64,64,64,64,64,64,64,64,64,64,64,64,64,64,45,45,45,45,45,45,45,45,61,61,45,45,61,61,61,61,61,61,41,41,41,41,92,92,51,51,92,92,92,92,92,92,92,92,92,92,51,51,51,51,48,48,48,48,48,48,48,48,29,29,29,29,29,29,52,52,52,52,52,52,52,52,62,62,62,62,62,62,67,67,67,67,62,62,62,62,49,49,49,49,49,49,49,49,71,71,71,71,36,36,36,36,36,36,36,36,53,53,53,53,53,53,37,37,37,37,54,54,54,54,54,54,54,54,54,54,65,65,65,65,55,55,65,65,55,55,56,56,56,56,56,56,56,56,56,56,56,56,46,46,46,46,46,46,46,46,39,39,39,39,39,39,39,39,39,39,39,39,39,39,109,109,57,57,27,27,27,27,57,57,57,57,58,58,58,58,58,58,58,58,58,58,58,58,63,63,40,40,40,40,40,40,63,63,63,63,63,63,63,63,63,63,43,43,66,66,66,66,66,66,66,66,59,59,59,59,59,59,50,50,50,50,50,50,68,68,68,68,68
47,69,69,69,69,21,21,69,69,69,69,21,21,21,21,70,70,64,64,64,64,64,64,64,64,64,64,64,64,64,64,64,64,64,64,45,45,45,45,45,45,45,45,61,61,45,45,61,61,61,61,61,61,61,61,41,41,92,92,92,92,92,92,92,92,92,92,92,92,92,92,51,51,51,51,51,51,51,51,51,51,51,51,29,29,29,29,29,29,52,52,52,52,52,52,52,52,52,52,62,62,62,62,67,67,67,67,62,62,62,62,49,49,49,49,49,49,49,49,71,71,71,71,36,36,36,36,36,36,71,71,71,71,71,71,53,53,37,37,37,37,37,37,54,54,54,54,54,54,54,54,65,65,65,65,55,55,65,65,55,55,55,55,55,55,56,56,56,56,56,56,72,72,46,46,46,46,46,46,46,46,39,39,39,39,109,109,109,109,109,109,109,109,109,109,109,109,57,57,27,27,27,27,57,57,57,57,58,58,58,58,63,63,63,63,63,63,63,63,63,63,40,40,40,40,40,40,63,63,43,43,43,43,43,43,43,43,43,43,43,43,66,66,66,66,66,66,66,66,59,59,59,59,50,50,50,50,50,50,68,68,68,68,68
69,69,69,69,69,21,21,69,69,69,69,21,21,21,21,70,70,64,64,64,64,64,64,64,64,64,64,64,64,64,64,64,64,64,64,45,45,45,45,45,45,61,61,61,61,45,45,61,61,61,61,61,61,61,61,41,41,92,92,92,92,92,92,92,92,92,92,92,92,92,92,51,51,51,51,51,51,51,51,51,51,51,51,73,73,29,29,29,29,52,52,52,52,52,52,52,52,52,52,62,62,62,62,67,67,67,67,62,62,62,62,49,49,49,49,49,49,49,49,71,71,71,71,71,71,36,36,36,36,71,71,71,71,71,71,53,53,53,53,37,37,37,37,54,54,54,54,54,54,54,54,65,65,65,65,55,55,65,65,65,65,55,55,55,55,56,56,56,56,72,72,72,72,46,46,46,46,46,46,46,46,39,39,39,39,109,109,109,109,109,109,109,109,109,109,57,57,57,57,27,27,27,27,57,57,58,58,58,58,58,58,63,63,63,63,63,63,63,63,63,63,40,40,40,40,40,40,63,63,43,43,43,43,43,43,43,43,43,43,43,43,66,66,66,66,66,66,66,66,50,50,50,50,50,50,50,50,50,50,68,68,68,68,68
69,69,69,69,69,69,69,69,69,69,69,21,21,21,21,70,70,64,64,64,64,64,64,64,64,64,64,64,64,64,64,64,64,64,64,45,45,45,45,45,45,61,61,61,61,45,45,61,61,61,61,61,61,61,61,41,41,92,92,92,92,92,92,92,92,92,92,92,92,92,92,51,51,51,51,51,51,51,51,73,73,73,73,73,73,29,29,29,29,52,52,52,52,52,52,52,52,52,52,62,62,62,62,67,67,67,67,62,62,62,62,49,49,49,49,74,74,74,74,71,71,71,71,71,71,36,36,71,71,71,71,71,71,53,53,53,53,53,53,37,37,37,37,54,54,54,54,54,54,54,54,65,65,65,65,55,55,65,65,65,65,55,55,55,55,56,56,56,56,72,72,72,72,75,75,75,75,75,75,75,75,39,39,39,39,109,109,109,109,109,109,109,109,109,109,57,57,27,27,27,27,27,27,57,57,58,58,58,58,58,58,63,63,63,63,63,63,63,63,63,63,63,63,40,40,40,40,63,63,43,43,43,43,43,43,43,43,43,43,66,66,66,66,66,66,66,66,50,50,50,50,50,50,50,50,50,50,68,68,68,68,68,68,68
76,76,76,76,76,69,69,69,69,69,69,69,69,21,21,70,70,77,77,77,77,77,77,77,77,77,77,64,64,78,78,78,78,78,78,79,79,79,79,79,79,61,61,45,45,45,45,61,61,61,61,61,61,61,61,41,41,41,41,41,41,41,41,92,92,92,92,92,92,92,92,92,92,92,92,73,73,73,73,73,73,73,73,29,29,29,29,52,52,52,52,52,52,80,80,80,80,52,52,52,52,62,62,67,67,67,67,67,67,62,62,49,49,49,49,74,74,74,74,71,71,71,71,71,71,36,36,71,71,53,53,53,53,53,53,53,53,53,53,53,53,37,37,54,54,54,54,54,54,65,65,65,65,65,65,55,55,65,65,55,55,55,55,55,55,56,56,56,56,72,72,72,72,75,75,75,75,75,75,75,75,39,39,39,39,109,109,109,109,109,109,109,109,109,109,57,57,27,27,27,27,27,27,57,57,58,58,58,58,58,58,63,63,63,63,63,63,63,63,63,63,63,63,40,40,40,40,63,63,43,43,43,43,43,43,43,43,43,43,66,66,66,66,66,66,66,66,50,50,50,50,50,50,50,50,50,50,68,68,68,68,68,68,68
76,76,76,76,76,69,69,69,69,69,69,69,69,21,21,70,70,77,77,77,77,77,77,77,77,77,77,64,64,78,78,78,78,78,78,79,79,79,79,79,79,61,61,45,45,45,45,61,61,61,61,61,61,61,61,81,81,81,81,41,41,41,41,92,92,92,92,92,92,92,92,92,92,92,92,73,73,73,73,73,73,73,73,29,29,29,29,52,52,52,52,52,52,80,80,80,80,52,52,52,52,62,62,67,67,67,67,67,67,62,62,49,49,49,49,74,74,74,74,71,71,71,71,71,71,71,71,71,71,53,53,53,53,53,53,53,53,53,53,53,53,37,37,54,54,54,54,54,54,65,65,65,65,65,65,65,65,65,65,55,55,55,55,55,55,56,56,56,56,72,72,72,72,75,75,75,75,75,75,75,75,39,39,39,39,109,109,109,109,109,109,109,109,109,109,57,57,57,57,57,57,57,57,57,57,58,58,58,58,89,89,89,89,89,89,89,89,89,89,63,63,63,63,63,63,63,63,63,63,43,43,43,43,66,66,66,66,66,66,66,66,66,66,66,66,66,66,50,50,50,50,50,50,50,50,50,50,68,68,68,68,68,68,68
76,76,76,76,76,69,69,69,69,69,69,70,70,70,70,70,70,77,77,77,77,77,77,77,77,77,77,77,77,77,77,78,78,78,78,79,79,79,79,79,79,61,61,61,61,45,45,61,61,61,61,81,81,81,81,81,81,81,81,41,41,41,41,41,41,92,92,92,92,73,73,73,73,73,73,73,73,73,73,73,73,73,73,73,73,29,29,52,52,52,52,80,80,80,80,82,82,82,82,82,82,82,82,67,67,67,67,67,67,49,49,49,49,49,49,49,49,74,74,74,74,74,74,53,53,53,53,53,53,53,53,53,53,83,83,83,83,53,53,53,53,84,84,84,84,54,54,54,54,54,54,85,85,85,85,85,85,85,85,85,85,85,85,85,85,85,85,85,85,85,85,72,72,75,75,75,75,75,75,75,75,75,75,86,86,86,86,109,109,109,109,109,109,109,109,87,87,87,87,87,87,87,87,87,87,58,58,58,58,89,89,88,88,88,88,88,88,89,89,63,63,63,63,63,63,89,89,63,63,90,90,90,90,90,90,66,66,66,66,66,66,66,66,66,66,66,66,50,50,50,50,50,50,50,50,50,50,68,68,68,68,68,68,68
76,76,76,69,69,69,69,69,69,69,69,70,70,70,70,77,77,77,77,77,77,77,77,77,77,77,77,77,77,77,77,78,78,78,78,79,79,79,79,79,79,61,61,61,61,45,45,61,61,61,61,81,81,81,81,81,81,81,81,41,41,41,41,41,41,92,92,92,92,73,73,73,73,73,73,73,73,73,73,73,73,73,73,73,73,29,29,52,52,52,52,80,80,80,80,82,82,82,82,82,82,82,82,67,67,67,67,67,67,49,49,49,49,49,49,49,49,74,74,74,74,74,74,53,53,53,53,53,53,53,53,53,53,83,83,83,83,53,53,53,53,84,84,84,84,85,85,54,54,54,54,85,85,85,85,85,85,85,85,85,85,85,85,85,85,85,85,85,85,85,85,72,72,75,75,75,75,75,75,75,75,75,75,86,86,86,86,109,109,109,109,109,109,109,109,87,87,87,87,87,87,87,87,87,87,58,58,58,58,89,89,88,88,88,88,88,88,89,89,63,63,63,63,63,63,89,89,63,63,90,90,90,90,90,90,66,66,66,66,66,66,91,91,91,91,66,66,50,50,50,50,50,50,50,50,50,50,68,68,68,68,68,68,68
76,76,76,69,69,69,69,69,69,69,69,69,69,70,70,77,77,77,77,77,77,77,77,77,77,77,77,77,77,77,77,78,78,78,78,79,79,79,79,79,79,61,61,61,61,61,61,61,61,81,81,81,81,81,81,81,81,81,81,41,41,41,41,41,41,92,92,92,92,92,92,73,73,73,73,73,73,73,73,73,73,73,73,73,73,29,29,29,29,80,80,80,80,80,80,82,82,82,82,82,82,82,82,67,67,67,67,67,67,49,49,49,49,49,49,49,49,49,49,74,74,74,74,53,53,53,53,53,53,53,53,83,83,83,83,83,83,53,53,53,53,84,84,84,84,85,85,54,54,54,54,85,85,85,85,85,85,85,85,85,85,85,85,85,85,85,85,85,85,85,85,72,72,75,75,75,75,75,75,75,75,75,75,86,86,86,86,109,109,109,109,109,109,87,87,87,87,87,87,87,87,87,87,58,58,58,58,58,58,89,89,89,89,88,88,88,88,89,89,89,89,63,63,89,89,89,89,90,90,90,90,90,90,90,90,90,90,66,66,66,66,91,91,91,91,91,91,50,50,50,50,50,50,50,50,50,50,68,68,68,68,68,68,68
76,76,76,69,69,69,69,69,69,69,69,69,69,70,70,70,70,77,77,77,77,77,77,77,77,77,77,77,77,77,77,77,77,78,78,79,79,79,79,79,79,79,79,79,79,79,79,61,61,81,81,81,81,81,81,81,81,81,81,41,41,41,41,41,41,92,92,92,92,92,92,73,73,73,73,73,73,73,73,73,73,73,73,73,73,29,29,29,29,80,80,80,80,80,80,82,82,82,82,82,82,82,82,67,67,67,67,67,67,49,49,49,49,49,49,49,49,74,74,74,74,74,74,53,53,53,53,53,53,53,53,83,83,83,83,83,83,84,84,84,84,84,84,84,84,85,85,85,85,54,54,85,85,85,85,85,85,85,85,85,85,85,85,85,85,85,85,85,85,72,72,72,72,75,75,75,75,75,75,75,75,75,75,86,86,86,86,109,109,109,109,109,109,87,87,87,87,87,87,87,87,87,87,58,58,58,58,58,58,89,89,89,89,88,88,88,88,89,89,89,89,63,63,89,89,89,89,90,90,90,90,90,90,90,90,90,90,91,91,91,91,91,91,91,91,91,91,50,50,50,50,50,50,50,50,68,68,68,68,68,68,68,68,68
76,76,76,76,76,76,76,69,69,69,69,70,70,70,70,70,70,77,77,77,77,77,77,77,77,77,77,77,77,77,77,77,77,78,78,78,78,78,78,79,79,79,79,79,79,79,79,61,61,61,61,81,81,81,81,81,81,81,81,41,41,41,41,41,41,92,92,92,92,92,92,73,73,73,73,92,92,73,73,73,73,73,73,73,73,80,80,80,80,80,80,80,80,80,80,82,82,82,82,82,82,67,67,67,67,67,67,93,93,93,93,93,93,49,49,49,49,74,74,74,74,74,74,74,74,74,74,83,83,83,83,83,83,83,83,83,83,84,84,84,84,84,84,84,84,85,85,85,85,85,85,85,85,85,85,85,85,85,85,85,85,85,85,85,85,85,85,85,85,72,72,72,72,75,75,75,75,75,75,75,75,75,75,86,86,86,86,109,109,109,109,109,109,87,87,87,87,87,87,87,87,87,87,58,58,58,58,58,58,89,89,89,89,88,88,88,88,89,89,89,89,89,89,89,89,89,89,94,94,94,94,90,90,90,90,91,91,91,91,91,91,91,91,91,91,91,91,91,91,50,50,50,50,68,68,68,68,95,95,95,95,95,95,95
76,76,76,76,76,76,76,69,69,69,69,70,70,70,70,70,70,77,77,96,96,96,96,96,96,96,96,96,96,96,96,97,97,97,97,97,97,78,78,79,79,79,79,79,79,79,79,79,79,61,61,81,81,81,81,81,81,81,81,41,41,41,41,41,41,92,92,92,92,92,92,73,73,92,92,92,92,73,73,73,73,73,73,73,73,80,80,80,80,80,80,80,80,80,80,82,82,82,82,82,82,67,67,67,67,67,67,93,93,93,93,93,93,49,49,74,74,74,74,74,74,74,74,74,74,74,74,83,83,83,83,83,83,83,83,84,84,84,84,84,84,84,84,115,115,115,115,85,85,85,85,98,98,98,98,85,85,85,85,85,85,85,85,85,85,85,85,72,72,72,72,72,72,75,75,75,75,75,75,75,75,86,86,86,86,86,86,109,109,87,87,87,87,87,87,87,87,87,87,87,87,87,87,58,58,58,58,58,58,89,89,89,89,88,88,88,88,89,89,89,89,89,89,89,89,94,94,94,94,94,94,90,90,90,90,91,91,91,91,91,91,91,91,91,91,91,91,91,91,50,50,50,50,68,68,68,68,95,95,95,95,95,95,95
76,76,76,76,76,76,76,76,76,69,69,70,70,70,70,70,70,77,77,96,96,96,96,96,96,96,96,96,96,96,96,97,97,97,97,97,97,78,78,79,79,79,79,79,79,79,79,79,79,61,61,81,81,81,81,81,81,81,81,41,41,41,41,41,41,92,92,99,99,92,92,73,73,92,92,73,73,73,73,73,73,80,80,80,80,80,80,80,80,80,80,80,80,82,82,82,82,82,82,82,82,67,67,67,67,67,67,93,93,93,93,49,49,49,49,74,74,74,74,74,74,74,74,74,74,74,74,74,74,83,83,83,83,83,83,84,84,84,84,84,84,84,84,115,115,115,115,85,85,85,85,98,98,98,98,98,98,98,98,98,98,98,98,85,85,85,85,72,72,72,72,72,72,72,72,75,75,75,75,75,75,86,86,86,86,86,86,109,109,87,87,87,87,87,87,87,87,87,87,87,87,87,87,58,58,58,58,100,100,89,89,89,89,88,88,88,88,89,89,89,89,89,89,89,89,94,94,94,94,94,94,90,90,90,90,101,101,101,101,91,91,91,91,91,91,91,91,91,91,50,50,102,102,68,68,68,68,95,95,95,95,95,95,95
76,76,76,76,76,76,76,76,76,69,69,70,70,70,70,70,70,70,70,96,96,96,96,96,96,96,96,97,97,97,97,97,97,97,97,97,97,78,78,79,79,79,79,79,79,79,79,61,61,61,61,103,103,81,81,81,81,81,81,41,41,41,41,41,41,92,92,99,99,92,92,92,92,92,92,73,73,73,73,73,73,80,80,80,80,80,80,80,80,80,80,82,82,82,82,82,82,82,82,82,82,67,67,67,67,67,67,93,93,93,93,49,49,49,49,49,49,49,49,74,74,74,74,74,74,74,74,74,74,83,83,83,83,84,84,84,84,84,84,84,84,115,115,115,115,115,115,115,115,85,85,98,98,98,98,98,98,98,98,98,98,98,98,85,85,85,85,72,72,72,72,72,72,72,72,75,75,75,75,86,86,86,86,86,86,86,86,109,109,87,87,87,87,87,87,100,100,87,87,87,87,87,87,58,58,58,58,100,100,89,89,89,89,88,88,88,88,89,89,89,89,89,89,89,89,94,94,94,94,94,94,90,90,90,90,101,101,101,101,91,91,91,91,91,91,91,91,91,91,102,102,102,102,68,68,68,68,95,95,95,95,95,95,95
76,76,76,76,76,76,76,70,70,70,70,70,70,70,70,70,70,70,70,96,96,96,96,96,96,96,96,97,97,97,97,97,97,97,97,97,97,78,78,79,79,79,79,79,79,79,79,61,61,61,61,103,103,81,81,81,81,41,41,41,41,92,92,92,92,92,92,99,99,99,99,99,99,99,99,73,73,73,73,73,73,80,80,80,80,80,80,80,80,80,80,82,82,82,82,82,82,82,82,104,104,104,104,67,67,67,67,93,93,93,93,49,49,49,49,49,49,49,49,74,74,74,74,74,74,74,74,74,74,83,83,83,83,84,84,84,84,84,84,84,84,115,115,115,115,115,115,115,115,98,98,98,98,98,98,98,98,98,98,98,98,98,98,105,105,105,105,72,72,72,72,72,72,72,72,75,75,75,75,86,86,86,86,86,86,86,86,109,109,87,87,87,87,87,87,100,100,87,87,87,87,100,100,100,100,58,58,100,100,89,89,89,89,88,88,88,88,89,89,89,89,89,89,89,89,94,94,94,94,94,94,90,90,90,90,101,101,101,101,91,91,91,91,91,91,91,91,91,91,102,102,102,102,102,102,68,68,95,95,95,95,95,95,95
76,76,76,76,76,76,76,70,70,70,70,70,70,70,70,70,70,70,70,70,70,96,96,96,96,97,97,97,97,97,97,97,97,97,97,97,97,78,78,79,79,79,79,79,79,103,103,103,103,61,61,103,103,81,81,81,81,41,41,41,41,92,92,92,92,92,92,99,99,99,99,99,99,99,99,73,73,73,73,73,73,80,80,80,80,80,80,80,80,106,106,106,106,82,82,82,82,82,82,104,104,104,104,67,67,67,67,93,93,93,93,49,49,49,49,49,49,49,49,74,74,74,74,74,74,74,74,74,74,83,83,83,83,84,84,84,84,84,84,84,84,115,115,115,115,115,115,115,115,98,98,98,98,98,98,98,98,98,98,98,98,98,98,105,105,105,105,72,72,72,72,72,72,72,72,75,75,75,75,75,75,86,86,86,86,86,86,109,109,87,87,87,87,87,87,100,100,87,87,87,87,100,100,100,100,100,100,100,100,89,89,89,89,88,88,88,88,89,89,89,89,94,94,94,94,94,94,94,94,94,94,90,90,90,90,101,101,101,101,91,91,91,91,91,91,91,91,91,91,102,102,102,102,102,102,68,68,95,95,95,95,95,95,95
76,76,76,76,76,76,76,70,70,70,70,70,70,70,70,70,70,70,70,70,70,96,96,96,96,97,97,97,97,97,97,97,97,97,97,97,97,78,78,78,78,78,78,79,79,103,103,103,103,61,61,103,103,81,81,120,120,41,41,41,41,92,92,92,92,92,92,99,99,99,99,99,99,99,99,73,73,73,73,73,73,80,80,80,80,80,80,80,80,106,106,106,106,82,82,82,82,82,82,104,104,104,104,67,67,67,67,93,93,93,93,49,49,49,49,49,49,49,49,74,74,74,74,107,107,107,107,83,83,83,83,83,83,84,84,84,84,84,84,84,84,115,115,115,115,115,115,115,115,98,98,98,98,98,98,98,98,98,98,98,98,105,105,105,105,105,105,105,105,72,72,72,72,72,72,75,75,75,75,75,75,86,86,86,86,86,86,109,109,87,87,87,87,87,87,100,100,100,100,100,100,100,100,100,100,100,100,100,100,89,89,89,89,88,88,88,88,88,88,89,89,94,94,94,94,94,94,94,94,94,94,90,90,101,101,101,101,101,101,101,101,101,101,102,102,102,102,102,102,102,102,102,102,102,102,68,68,95,95,95,95,95,95,95
76,76,76,76,76,70,70,70,70,70,70,70,70,108,108,108,108,108,108,108,108,96,96,96,96,97,97,97,97,97,97,97,97,97,97,97,97,78,78,78,78,78,78,79,79,103,103,61,61,61,61,103,103,81,81,120,120,41,41,41,41,92,92,92,92,92,92,99,99,99,99,99,99,99,99,73,73,73,73,73,73,80,80,80,80,80,80,80,80,106,106,106,106,104,104,104,104,82,82,104,104,104,104,67,67,67,67,67,67,93,93,107,107,107,107,107,107,107,107,74,74,74,74,107,107,107,107,83,83,83,83,83,83,84,84,84,84,84,84,84,84,115,115,115,115,115,115,115,115,98,98,98,98,98,98,98,98,98,98,98,98,105,105,105,105,105,105,105,105,72,72,72,72,75,75,75,75,75,75,86,86,86,86,86,86,86,86,109,109,87,87,109,109,109,109,100,100,100,100,100,100,100,100,100,100,100,100,100,100,100,100,89,89,88,88,88,88,88,88,89,89,94,94,94,94,94,94,94,94,90,90,90,90,101,101,101,101,101,101,101,101,101,101,102,102,102,102,102,102,102,102,102,102,102,102,68,68,95,95,95,95,95,95,95
76,76,76,76,76,70,70,70,70,70,70,70,70,108,108,108,108,108,108,108,108,96,96,96,96,97,97,97,97,97,97,97,97,97,97,97,97,78,78,78,78,78,78,79,79,103,103,61,61,61,61,103,103,81,81,120,120,41,41,92,92,92,92,92,92,92,92,99,99,99,99,99,99,99,99,73,73,73,73,73,73,80,80,80,80,80,80,106,106,106,106,106,106,104,104,104,104,82,82,104,104,104,104,67,67,67,67,67,67,93,93,107,107,107,107,110,110,107,107,74,74,107,107,107,107,107,107,83,83,83,83,83,83,84,84,84,84,84,84,84,84,115,115,115,115,115,115,115,115,98,98,98,98,98,98,98,98,98,98,105,105,105,105,105,105,105,105,105,105,72,72,72,72,75,75,75,75,75,75,86,86,86,86,86,86,86,86,109,109,87,87,109,109,109,109,100,100,100,100,100,100,111,111,100,100,100,100,111,111,100,100,88,88,88,88,88,88,89,89,89,89,94,94,94,94,94,94,94,94,90,90,90,90,101,101,101,101,101,101,101,101,101,101,102,102,102,102,102,102,102,102,102,102,102,102,68,68,95,95,95,95,95,95,95
76,76,76,76,76,76,76,70,70,70,70,70,70,70,70,108,108,108,108,108,108,96,96,96,96,97,97,97,97,97,97,97,97,97,97,78,78,78,78,78,78,103,103,79,79,103,103,103,103,61,61,103,103,81,81,120,120,41,41,99,99,99,99,92,92,92,92,99,99,99,99,99,99,99,99,73,73,73,73,73,73,80,80,106,106,106,106,106,106,112,112,112,112,112,112,104,104,82,82,104,104,104,104,93,93,93,93,93,93,93,93,107,107,107,107,110,110,107,107,107,107,107,107,107,107,107,107,83,83,83,83,84,84,84,84,84,84,84,84,115,115,115,115,115,115,115,115,115,115,98,98,98,98,98,98,98,98,98,98,105,105,105,105,105,105,105,105,105,105,72,72,75,75,75,75,75,75,75,75,86,86,86,86,86,86,86,86,109,109,87,87,109,109,109,109,100,100,100,100,100,100,111,111,111,111,111,111,111,111,100,100,88,88,88,88,88,88,89,89,94,94,94,94,94,94,94,94,94,94,90,90,90,90,101,101,101,101,101,101,101,101,101,101,102,102,102,102,102,102,102,102,102,102,102,102,68,68,95,95,95,95,95,95,95
113,113,113,113,113,76,76,113,113,113,113,113,113,70,70,108,108,116,116,116,116,96,96,96,96,97,97,97,97,97,97,97,97,97,97,78,78,78,78,78,78,103,103,79,79,103,103,103,103,103,103,103,103,81,81,120,120,99,99,99,99,99,99,92,92,92,92,99,99,99,99,99,99,99,99,114,114,73,73,80,80,80,80,106,106,106,106,106,106,112,112,112,112,112,112,104,104,104,104,104,104,104,104,93,93,93,93,93,93,93,93,110,110,110,110,110,110,110,107,107,107,107,107,107,107,107,83,83,83,83,83,84,84,84,84,84,84,84,84,115,115,115,115,115,115,115,115,115,115,115,98,98,115,115,115,115,98,98,98,98,105,105,105,105,105,105,105,105,105,105,75,75,86,86,86,86,86,86,86,86,86,86,86,86,109,109,109,109,109,87,87,109,109,109,109,100,100,100,100,111,111,111,111,111,111,111,111,111,111,100,100,88,88,88,88,89,89,89,89,94,94,90,90,94,94,94,94,94,94,90,90,90,90,101,101,101,101,101,101,101,101,101,101,102,102,102,102,102,102,102,102,102,102,102,102,68,68,95,95,95,95,95,95,95
113,113,113,113,113,113,113,113,113,113,113,113,113,70,70,108,108,116,116,116,116,96,96,96,96,96,96,96,96,96,96,97,97,97,97,78,78,78,78,78,78,103,103,79,79,103,103,103,103,103,103,103,103,81,81,120,120,99,99,99,99,99,99,99,99,99,99,99,99,99,99,99,99,99,99,114,114,73,73,106,106,106,106,106,106,106,106,106,106,112,112,112,112,112,112,104,104,104,104,104,104,104,104,93,93,93,93,93,93,93,93,110,110,110,110,110,110,107,107,107,107,107,107,107,107,107,83,83,83,83,83,83,83,83,83,84,84,84,84,84,84,84,115,115,115,115,115,115,115,115,115,115,115,115,115,115,98,98,98,98,105,105,105,105,105,105,105,105,105,105,75,75,86,86,86,86,86,86,86,86,86,86,86,86,109,109,109,109,109,109,109,109,109,100,100,100,100,100,100,111,111,111,111,111,111,111,111,111,111,111,111,88,88,88,88,94,94,94,94,94,94,90,90,94,94,94,94,90,90,90,90,90,90,101,101,101,101,101,101,101,101,101,101,102,102,102,102,102,102,102,102,102,102,102,102,95,95,95,95,95,95,95,95,95
113,113,113,113,113,113,113,113,113,113,113,70,70,70,70,108,108,116,116,116,116,96,96,96,96,116,116,116,116,96,96,97,97,97,97,78,78,78,78,78,78,103,103,103,103,103,103,103,103,103,103,103,103,81,81,120,120,99,99,99,99,99,99,99,99,99,99,99,99,99,99,99,99,99,99,114,114,73,73,106,106,106,106,106,106,106,106,106,106,112,112,104,104,112,112,104,104,104,104,104,104,104,104,93,93,93,93,93,93,93,93,110,110,110,110,110,110,107,107,107,107,107,107,107,107,107,83,83,83,83,83,83,83,83,83,83,83,83,83,83,83,84,115,115,115,115,115,115,115,115,115,115,115,115,115,115,115,98,98,98,105,105,105,105,105,105,105,105,86,86,86,86,86,86,86,86,86,86,86,86,86,86,86,109,109,109,109,109,109,100,100,100,100,100,100,100,100,100,111,111,117,117,111,111,111,111,111,111,111,111,111,111,94,94,94,94,94,94,94,94,90,90,90,90,90,90,90,90,101,101,101,101,101,101,101,101,156,156,156,156,122,122,122,122,122,122,102,102,102,102,102,102,102,102,95,95,95,95,95,95,95,95,95,95
113,113,113,113,113,113,113,118,118,113,113,70,70,108,108,108,108,108,108,116,116,96,96,96,96,116,116,116,116,123,123,97,97,97,97,78,78,78,78,78,78,78,78,103,103,103,103,103,103,103,103,119,119,81,81,120,120,99,99,120,120,120,120,120,120,99,99,99,99,99,99,99,99,99,99,114,114,121,121,121,121,106,106,106,106,106,106,106,106,112,112,104,104,104,104,104,104,104,104,104,104,104,104,93,93,93,93,93,93,110,110,110,110,110,110,110,110,110,107,107,107,107,107,107,107,107,83,83,83,83,83,83,83,83,83,83,83,83,83,83,83,115,115,115,115,115,115,115,115,115,115,115,115,115,115,115,115,98,98,105,105,105,105,105,105,105,105,105,86,86,86,86,86,86,86,86,86,86,86,86,86,86,86,109,109,109,109,109,109,100,100,100,100,117,117,117,111,111,111,111,117,117,111,111,111,111,111,111,111,111,111,111,94,94,94,94,94,94,94,94,90,90,90,90,90,90,90,90,101,101,101,101,101,101,101,101,156,156,156,156,122,122,122,122,122,122,102,102,102,102,122,122,122,122,95,95,95,95,95,95,95,95,95,95
113,113,113,113,113,113,113,118,118,113,113,113,113,108,108,108,108,108,108,116,116,116,116,116,116,116,116,116,116,123,123,97,97,123,123,78,78,78,78,78,78,78,78,103,103,119,119,119,119,119,119,119,119,120,120,120,120,120,120,120,120,120,120,120,120,99,99,99,99,114,114,114,114,114,114,114,114,121,121,121,121,106,106,106,106,106,106,106,106,112,112,112,112,104,104,104,104,104,104,104,104,104,104,93,93,93,93,93,93,110,110,110,110,110,110,110,110,110,107,107,107,107,107,107,107,107,83,83,83,83,83,83,83,83,83,83,83,83,83,83,83,83,115,115,115,115,115,115,115,115,115,115,115,115,115,115,115,98,98,105,105,105,105,105,105,105,105,86,86,86,86,86,86,86,86,86,86,86,86,86,124,124,124,124,124,100,100,100,100,100,100,100,100,117,117,117,111,111,111,111,117,117,111,111,125,125,125,125,111,111,111,111,94,94,94,94,94,94,94,94,90,90,90,90,90,90,90,90,101,101,101,101,156,156,156,156,156,156,156,156,122,122,122,122,122,122,122,122,102,102,122,122,122,122,95,95,95,95,95,95,95,95,95,95
113,118,118,118,118,118,118,118,118,113,113,113,113,108,108,108,108,126,126,126,126,126,126,116,116,116,116,116,116,123,123,97,97,123,123,103,103,103,103,103,103,103,103,103,103,119,119,119,119,119,119,119,119,120,120,120,120,120,120,120,120,120,120,120,120,120,120,120,120,114,114,114,114,114,114,114,114,121,121,121,121,106,106,106,106,106,106,106,106,112,112,112,112,104,104,104,104,104,104,104,104,104,104,93,93,93,93,93,93,110,110,110,110,110,110,110,110,110,107,107,107,107,107,107,107,107,107,107,107,83,83,83,127,127,127,128,128,128,128,128,128,128,128,128,129,129,129,129,129,129,129,129,129,130,130,130,130,130,98,130,105,105,105,105,105,105,105,86,86,86,124,124,124,124,124,124,124,124,124,124,124,124,124,124,124,100,100,100,100,100,100,100,100,117,117,117,117,117,117,117,117,117,111,111,111,111,125,125,125,125,111,111,94,94,131,131,94,94,90,90,90,90,90,90,90,90,90,90,101,101,101,101,156,156,156,156,156,156,156,156,156,156,122,122,122,122,122,122,122,122,122,122,122,122,122,122,95,95,95,95,95,95,95,95
113,118,118,118,118,118,118,118,118,113,113,113,113,108,108,108,108,126,126,126,126,126,126,116,116,116,116,123,123,123,123,123,123,123,123,103,103,103,103,103,103,103,103,103,103,119,119,119,119,119,119,119,119,120,120,120,120,120,120,120,120,120,120,120,120,120,120,120,120,120,120,114,114,114,114,114,114,121,121,121,121,106,106,106,106,106,106,132,132,112,112,112,112,104,104,104,104,104,104,104,104,104,104,93,93,93,93,93,93,110,110,110,110,110,110,110,110,110,110,107,107,107,107,107,107,107,107,107,107,127,127,127,127,127,127,128,128,128,128,128,128,128,128,128,129,129,129,129,129,129,129,129,129,130,130,130,130,130,130,130,130,130,105,105,86,86,86,86,86,86,124,124,124,124,124,124,124,124,124,124,124,124,124,124,124,124,100,100,100,100,100,100,100,117,117,117,117,117,117,117,117,117,111,111,111,111,125,125,125,125,125,125,125,125,131,131,131,131,90,90,90,90,90,90,90,90,133,133,133,133,133,133,133,133,156,156,156,156,156,156,156,156,122,122,122,122,122,122,122,122,122,122,122,122,122,122,95,95,95,95,95,95,95,134
113,118,118,118,118,118,118,118,118,113,113,113,113,108,108,126,126,126,126,126,126,126,126,116,116,116,116,123,123,123,123,123,123,123,123,166,166,103,103,103,103,103,103,103,103,119,119,119,119,119,119,119,119,119,119,119,119,120,120,120,120,120,120,120,120,120,120,120,120,120,120,114,114,114,114,114,114,121,121,121,121,106,106,132,132,132,132,132,132,112,112,112,112,104,104,104,104,104,104,104,104,104,104,93,93,93,93,93,93,93,93,110,110,110,110,110,110,110,110,107,107,107,107,107,107,107,107,127,127,127,127,135,135,127,127,127,127,128,128,128,128,128,128,128,128,129,129,129,129,129,136,136,136,137,137,130,130,137,137,137,130,130,130,130,86,86,124,124,124,124,124,124,124,124,124,124,124,124,124,124,124,124,124,124,124,124,100,100,100,100,100,100,100,117,117,117,117,117,117,117,111,111,111,111,111,111,125,125,125,125,125,125,125,125,131,131,131,131,90,90,90,90,90,90,90,90,133,133,133,133,133,133,133,133,156,156,142,142,142,142,142,142,142,142,122,122,122,122,122,122,95,95,95,95,95,95,95,95,95,95,95,95,95,134
113,118,118,118,118,118,118,118,118,113,113,113,113,108,108,126,126,126,126,126,126,126,126,116,116,116,116,138,138,138,138,123,123,123,123,166,166,103,103,103,103,103,103,103,103,119,119,119,119,119,119,119,119,119,119,119,119,120,120,120,120,120,120,120,120,120,120,120,120,114,114,114,114,114,114,114,114,121,121,121,121,106,106,132,132,132,132,132,132,112,112,112,112,112,112,112,112,104,104,104,104,93,93,93,93,93,93,93,93,93,93,93,93,110,110,110,110,110,110,110,110,110,110,110,107,107,127,127,127,135,135,135,135,135,127,127,127,139,139,139,139,128,128,128,128,128,128,140,129,129,141,136,136,137,137,137,137,137,137,137,130,130,130,130,130,130,130,124,124,124,124,124,124,124,124,124,124,124,124,124,124,124,124,124,124,124,100,100,100,100,100,100,100,117,117,117,117,117,117,117,111,111,111,111,111,111,125,125,125,125,125,125,125,125,131,131,131,131,90,90,90,90,90,90,133,133,133,133,133,133,133,133,133,133,156,156,142,142,142,142,142,142,142,142,122,122,122,122,122,122,95,95,142,142,142,142,142,142,134,134,134,134,134,134
113,118,118,118,118,118,118,118,118,108,108,108,108,108,108,126,126,126,126,126,126,126,126,116,116,116,116,138,138,138,138,123,123,123,123,166,166,103,103,103,103,103,103,103,103,119,119,119,119,119,119,119,119,119,119,120,120,120,120,120,120,120,120,120,120,120,120,114,114,114,114,114,114,114,114,114,114,121,121,121,121,106,106,132,132,132,132,143,143,143,143,143,143,143,143,112,112,104,104,104,104,93,93,93,93,93,93,93,93,93,93,93,93,110,110,110,110,110,110,110,110,110,110,110,127,127,127,135,135,135,135,135,135,135,127,127,139,139,139,139,139,139,128,128,140,128,140,140,129,129,141,141,136,137,137,137,137,137,130,130,130,130,130,130,130,130,130,130,130,124,124,124,124,124,124,124,124,124,124,124,124,144,144,145,145,146,146,100,100,100,100,100,100,117,117,117,117,117,117,117,111,111,111,111,111,111,125,125,125,125,125,125,125,125,131,131,131,131,90,90,90,90,90,90,133,133,133,133,133,133,133,133,133,133,156,156,142,142,142,142,142,142,142,142,122,122,122,122,122,122,95,95,142,142,142,142,142,142,134,134,134,134,134,134
118,118,118,118,118,118,118,118,118,108,108,116,116,116,116,126,126,126,126,126,126,126,126,116,116,138,138,138,138,138,138,138,138,123,123,166,166,166,166,166,166,103,103,103,103,119,119,119,119,119,119,119,119,119,119,120,120,120,120,120,120,120,120,120,120,120,120,114,114,114,114,121,121,121,121,121,121,121,121,121,121,132,132,132,132,132,132,143,143,143,143,143,143,143,143,112,112,104,104,104,104,93,93,93,93,93,147,147,147,147,93,93,93,93,110,110,110,110,110,110,110,110,110,127,127,127,127,135,135,135,148,148,148,148,127,139,139,139,139,139,140,140,140,140,140,140,140,140,129,141,141,141,136,137,137,137,137,137,130,130,130,130,130,130,130,130,130,130,130,130,124,149,124,124,124,124,124,124,124,124,144,144,144,145,145,146,146,146,146,146,100,100,117,117,117,117,117,117,117,117,117,117,131,131,131,131,125,125,125,125,125,125,125,125,131,131,131,131,90,90,90,90,90,90,133,133,133,133,133,133,133,133,133,133,156,156,156,156,156,156,142,142,142,142,142,142,142,142,142,142,95,95,142,142,142,142,134,134,134,134,134,134,134,134
118,118,118,118,118,118,118,108,108,108,108,116,116,116,116,126,126,126,126,126,126,126,126,116,116,138,138,138,138,138,138,138,138,123,123,123,123,123,123,166,166,103,103,103,103,103,103,103,103,103,103,119,119,119,119,150,150,150,150,120,120,150,150,120,120,114,114,114,114,114,114,121,121,121,121,121,121,121,121,121,121,132,132,132,132,143,143,143,143,143,143,143,143,112,112,112,112,104,104,104,104,93,93,93,93,93,147,147,147,147,147,147,93,93,110,110,110,110,110,110,127,127,127,127,127,127,127,135,135,135,135,135,148,148,148,148,139,139,139,139,139,140,140,140,140,140,140,129,129,141,141,141,136,137,137,137,137,137,137,137,137,137,137,130,130,130,149,149,149,149,149,149,149,149,149,149,149,149,149,144,144,144,144,145,145,145,146,146,146,146,100,100,117,117,117,117,117,117,159,159,117,117,131,131,131,131,125,125,125,125,125,125,125,125,131,131,131,131,131,131,131,131,133,133,133,133,133,133,133,133,133,133,133,133,156,156,156,156,156,156,142,142,142,142,142,142,142,142,142,142,95,95,142,142,134,134,134,134,134,134,134,134,134,134
118,118,118,118,118,118,118,108,108,108,108,108,108,116,116,126,126,126,126,126,126,126,126,116,116,138,138,138,138,138,138,138,138,123,123,123,123,123,123,166,166,103,103,103,103,103,103,103,103,103,103,119,119,119,119,150,150,150,150,120,120,150,150,120,120,114,114,114,114,114,114,121,121,121,121,121,121,121,121,121,121,132,132,132,132,143,143,143,143,143,143,143,143,112,112,112,112,112,112,112,112,93,93,93,93,93,147,147,147,147,147,147,93,93,93,110,110,110,110,110,127,127,127,127,127,127,135,135,135,135,135,135,148,148,148,148,139,139,139,139,139,139,139,140,140,140,140,140,129,141,141,141,136,136,137,137,137,137,137,137,137,137,137,149,149,149,149,149,149,149,149,149,149,149,149,149,144,144,144,144,144,144,144,145,145,145,146,146,146,146,100,100,117,117,117,117,117,117,159,159,117,117,131,131,131,131,131,131,125,125,125,125,125,125,131,131,131,131,131,131,131,131,133,133,133,133,133,133,133,133,133,133,156,156,156,156,156,156,142,142,142,142,142,142,142,142,142,142,142,142,95,95,142,142,134,134,134,134,134,134,134,134,134,134
118,118,118,118,118,118,118,108,108,108,108,108,108,116,116,126,126,126,126,116,116,116,116,116,116,138,138,138,138,138,138,138,138,123,123,123,123,166,166,166,166,103,103,103,103,103,103,103,103,119,119,119,119,119,119,150,150,150,150,150,150,150,150,150,150,150,150,114,114,114,114,121,121,121,121,121,121,121,121,121,121,132,132,143,143,143,143,143,143,143,143,143,143,143,143,143,143,143,143,112,112,93,93,93,147,147,147,147,147,147,93,93,93,93,93,110,151,151,151,127,127,127,152,152,152,135,135,135,148,135,135,135,148,148,148,153,153,153,139,139,139,140,139,140,140,140,140,140,141,141,141,141,136,136,137,137,137,137,137,137,137,137,137,137,149,149,149,149,149,149,154,154,144,144,144,144,144,144,144,144,144,144,144,145,145,145,146,146,146,146,100,100,117,117,117,117,117,117,159,159,117,117,131,131,131,131,131,131,125,125,125,125,125,125,131,131,131,131,131,131,131,131,133,133,133,133,133,133,133,133,133,133,156,156,156,156,156,156,142,142,142,142,142,142,142,142,142,142,142,142,142,142,142,142,134,134,134,134,134,134,134,134,134,134
118,118,118,118,118,118,118,108,108,108,108,108,108,116,116,126,126,126,126,116,116,116,116,116,116,138,138,138,138,138,138,138,138,123,123,123,123,166,166,166,166,103,103,103,103,103,103,103,103,119,119,119,119,119,119,150,150,150,150,150,150,150,150,150,150,150,150,114,114,114,114,121,121,121,121,121,121,121,121,121,121,132,132,143,143,143,143,143,143,143,143,143,143,143,143,143,143,143,143,112,112,147,147,147,147,147,147,147,147,147,93,93,93,93,93,110,151,151,151,127,152,152,152,152,152,135,135,135,148,148,148,148,148,153,153,153,153,153,153,153,153,140,140,140,140,140,140,141,141,141,141,141,136,136,136,136,137,137,137,137,137,137,137,137,149,149,149,149,149,149,154,154,155,155,155,155,155,165,165,165,144,144,144,145,145,145,146,146,146,146,146,117,117,117,117,117,117,117,159,159,131,131,131,131,131,131,131,131,125,125,125,125,131,131,131,131,131,131,131,131,131,131,133,133,133,133,133,133,133,133,133,133,133,133,156,156,156,156,142,142,142,142,142,142,142,142,156,156,156,156,156,156,156,156,134,134,134,134,134,134,134,134,134,134
118,118,118,118,118,108,108,108,108,108,108,108,108,116,116,126,126,126,126,116,116,116,116,116,116,138,138,138,138,138,138,138,138,123,123,123,123,123,123,166,166,166,166,166,166,166,166,119,119,119,119,119,119,150,150,150,150,150,150,150,150,150,150,150,150,150,150,114,114,114,114,121,121,121,121,121,121,121,121,121,121,132,132,143,143,143,143,143,143,143,143,143,143,143,143,143,143,143,143,112,112,147,147,147,147,147,147,147,147,147,147,147,93,93,157,157,151,151,152,152,152,152,152,152,177,135,135,148,148,148,148,148,148,148,153,153,153,153,153,153,153,140,140,140,140,141,141,141,141,141,136,136,136,136,136,136,136,137,158,158,158,137,137,137,149,149,149,149,149,149,154,154,155,155,155,155,155,165,165,165,144,144,145,145,145,145,145,145,145,145,117,117,117,117,117,117,159,159,159,159,159,159,131,131,131,131,131,131,125,125,125,125,131,131,159,159,131,131,131,131,131,131,133,133,133,133,133,133,133,133,160,160,133,133,156,156,156,156,142,142,142,142,142,142,142,142,156,156,134,134,156,156,156,156,134,134,134,134,161,161,161,161,134,134
118,118,118,118,118,108,108,108,108,108,108,108,108,116,116,126,126,126,126,116,116,116,116,116,116,138,138,138,138,138,138,138,138,138,138,138,138,123,123,166,166,166,166,166,166,166,166,119,119,119,119,119,119,150,150,150,150,150,150,150,150,150,150,150,150,150,150,114,114,114,114,121,121,121,121,121,121,121,121,121,121,132,132,143,143,143,143,143,143,143,143,143,143,143,143,112,112,112,112,112,112,147,147,147,147,147,147,147,147,147,147,147,93,157,157,157,151,151,152,152,152,152,152,177,177,162,162,162,162,162,162,148,148,162,153,153,153,153,153,153,153,140,140,140,140,163,163,141,163,141,163,136,136,136,136,136,136,158,158,158,158,158,164,164,164,164,149,149,149,154,154,154,154,155,155,155,165,165,165,165,165,145,145,145,165,145,145,145,145,145,159,159,159,117,117,117,159,159,159,159,159,159,131,131,131,131,131,131,131,131,131,131,131,131,159,159,131,131,131,131,131,131,133,133,133,133,133,133,133,133,160,160,133,133,156,156,156,156,156,156,156,156,142,142,142,142,156,156,134,134,156,156,156,156,134,134,134,134,161,161,161,161,134,134
118,118,118,118,118,108,108,108,108,108,108,108,108,116,116,116,116,116,116,116,116,116,116,116,116,138,138,138,138,138,138,138,138,138,138,138,138,123,123,166,166,166,166,166,166,166,166,166,166,166,166,166,166,150,150,150,150,150,150,166,166,114,114,114,114,114,114,114,114,121,121,121,121,121,121,121,121,121,121,132,132,132,132,143,143,143,143,143,143,143,143,143,143,112,112,112,112,112,112,112,112,147,147,147,147,147,147,147,147,147,147,147,93,157,157,157,151,151,151,152,152,152,152,177,177,162,162,162,162,162,162,162,162,162,153,153,153,153,153,153,153,167,167,167,163,163,163,163,163,163,163,136,136,136,136,136,136,158,158,158,158,158,158,164,164,164,164,164,154,154,154,155,155,155,155,155,155,155,155,155,165,145,165,165,165,165,165,165,145,145,159,159,159,159,159,159,159,131,131,131,131,131,131,131,131,159,159,159,159,159,159,159,159,159,159,159,159,159,159,168,168,168,168,168,168,168,168,160,160,160,160,156,156,156,156,156,156,156,156,156,156,156,156,156,156,156,156,134,134,134,134,134,134,134,134,161,161,161,161,161,161,161,161,161
118,118,118,118,118,118,118,118,118,169,169,169,169,169,169,169,169,169,169,169,169,169,169,169,169,138,138,169,169,169,169,169,169,138,138,138,138,123,123,123,123,123,123,123,123,166,166,166,166,166,166,166,166,150,150,150,150,150,150,166,166,114,114,114,114,114,114,114,114,121,121,121,121,121,121,121,121,121,121,132,132,132,143,143,143,143,143,143,143,143,112,112,112,112,112,112,112,176,176,176,176,176,176,176,176,147,147,147,147,147,147,157,157,157,157,151,151,151,151,152,152,152,152,177,177,162,162,177,177,162,162,162,162,162,153,153,153,153,153,153,167,167,167,167,163,163,163,163,163,163,163,136,136,136,136,136,158,158,158,158,158,158,158,164,164,164,164,164,154,154,154,154,170,155,155,155,155,155,155,165,165,165,165,165,165,165,165,165,171,145,159,159,159,159,159,159,159,159,159,159,159,159,131,131,159,159,159,159,159,159,159,159,159,159,159,159,168,168,168,168,168,168,160,160,160,160,160,160,160,160,156,156,156,156,156,156,156,156,156,156,156,156,156,156,156,156,134,134,172,172,134,134,161,161,161,161,161,161,161,161,161,161,161,161
169,169,169,169,169,169,169,169,169,169,169,173,173,173,173,173,173,174,174,174,174,174,174,169,169,138,138,169,169,169,169,169,169,138,138,138,138,123,123,123,123,123,123,123,123,166,166,166,166,166,166,166,166,166,150,150,150,150,166,166,175,175,114,114,114,114,121,121,121,121,121,121,121,121,121,121,132,132,132,132,132,132,143,143,143,143,143,143,143,143,112,112,112,112,112,112,112,176,176,176,176,176,176,176,176,147,147,176,176,147,147,157,157,151,151,151,151,151,152,152,152,152,152,177,177,162,162,177,177,177,162,162,177,162,153,153,153,167,153,167,167,167,167,167,167,167,167,163,163,163,163,163,163,136,136,158,158,158,158,158,158,158,158,158,158,158,164,164,154,154,154,154,170,170,170,170,170,170,178,178,178,178,165,165,165,178,178,171,171,145,145,159,159,159,159,159,186,186,159,159,159,159,159,159,159,159,168,168,168,168,159,159,159,159,159,159,168,168,179,179,179,179,160,160,160,160,160,160,160,160,156,156,156,156,156,156,156,156,156,156,172,172,172,172,172,172,172,172,172,172,134,134,161,161,161,161,161,161,161,161,161,161,161,161
169,169,169,169,169,169,169,169,169,169,169,173,173,173,173,173,173,174,174,174,174,174,174,169,169,169,169,169,169,169,169,169,169,169,169,169,169,123,123,123,123,123,123,123,123,123,123,123,123,123,123,166,166,166,166,150,150,166,166,175,175,175,175,175,175,121,121,121,121,121,121,121,121,132,132,132,132,132,132,132,132,132,143,143,143,143,143,143,143,143,143,176,176,176,176,176,176,176,176,176,176,176,176,176,176,147,147,176,176,157,157,157,151,151,151,151,151,151,152,182,182,152,177,177,177,177,177,177,177,177,177,177,177,177,177,177,167,167,167,167,180,167,167,167,167,167,163,163,163,163,163,163,158,158,158,158,158,158,158,158,196,196,158,158,158,164,164,164,164,154,154,154,170,170,170,170,170,170,178,178,178,178,178,165,178,178,178,171,171,145,145,186,159,159,159,159,186,186,159,159,159,159,159,159,159,159,168,168,168,168,159,159,159,159,159,159,168,168,179,179,179,179,160,160,160,160,160,160,160,160,160,160,160,160,160,160,160,160,172,172,172,172,172,172,172,172,172,172,172,172,134,134,161,161,161,161,161,161,161,161,161,161,161,161
169,169,169,169,169,169,169,169,169,169,169,173,173,173,173,174,174,174,174,174,174,174,174,174,174,203,203,203,203,169,169,169,169,169,169,169,169,123,123,123,123,123,123,123,123,123,123,123,123,123,123,222,222,166,166,150,150,166,166,166,166,175,175,175,175,121,121,121,121,121,121,121,121,132,132,132,132,132,132,132,143,143,143,143,143,143,143,143,143,143,143,176,176,176,176,176,176,176,176,176,176,176,176,176,176,176,176,176,176,157,157,157,181,151,151,151,151,182,152,182,182,182,177,177,177,182,182,182,182,177,177,177,177,177,177,177,167,180,180,180,180,167,167,167,167,167,167,163,163,163,163,163,158,158,158,183,183,184,184,184,196,196,196,158,158,164,164,164,164,154,154,154,170,170,170,170,170,170,178,178,178,178,178,178,178,178,178,171,171,145,186,186,159,159,159,159,186,186,186,186,159,159,159,159,159,159,168,168,168,168,159,159,159,159,168,168,168,168,179,179,179,179,160,160,160,160,160,160,160,160,160,160,160,160,160,160,160,160,172,172,172,172,172,172,172,172,172,172,172,172,134,134,161,161,161,161,161,161,161,161,161,161,161,161
169,169,169,169,169,169,169,169,169,169,169,173,173,173,173,174,174,174,174,174,174,174,174,174,174,203,203,203,203,169,169,169,169,169,169,169,169,123,123,123,123,123,123,123,123,123,123,123,123,222,222,222,222,166,166,150,150,166,166,166,166,175,175,175,175,175,175,121,121,121,121,121,121,132,132,132,132,132,132,132,143,143,143,143,143,143,143,143,143,143,143,176,176,176,176,176,176,176,176,176,176,176,176,176,176,176,176,157,157,157,157,181,181,151,151,151,151,182,152,182,182,182,182,182,182,182,182,182,182,177,177,177,177,177,177,177,180,180,180,180,180,167,167,167,167,167,167,185,163,163,163,163,183,183,158,183,183,184,184,184,196,196,196,196,158,158,196,196,164,164,154,154,170,170,170,170,170,170,178,178,178,178,178,178,178,178,178,171,171,186,186,186,186,186,186,186,186,186,186,159,159,186,186,186,159,159,159,159,168,168,159,159,159,159,168,168,168,168,168,168,179,179,160,160,160,160,160,160,160,160,160,160,160,160,160,160,172,172,172,172,172,172,172,172,172,172,172,172,172,172,134,134,161,161,161,161,161,161,161,161,161,161,161,161
169,169,169,169,169,169,169,169,169,173,173,173,173,173,173,174,174,174,174,174,174,203,203,203,203,203,203,203,203,169,169,169,169,169,169,187,187,123,123,188,188,188,188,188,188,123,123,123,123,222,222,222,222,166,166,150,150,166,166,222,222,222,222,175,175,175,175,121,121,121,121,121,121,132,132,132,132,132,132,132,143,143,143,143,143,143,143,143,143,143,143,143,176,176,176,176,176,176,176,176,176,176,176,176,176,176,176,157,181,157,157,181,181,151,151,151,182,182,182,182,182,182,182,182,182,182,182,182,182,182,177,177,177,177,177,180,180,180,180,180,167,167,167,167,167,185,185,185,185,183,183,183,183,183,158,183,183,184,184,184,196,196,196,196,196,196,196,196,164,164,154,170,170,170,170,170,170,170,170,178,178,178,178,178,178,178,178,171,186,186,186,186,186,186,186,186,186,186,186,159,159,186,186,186,186,186,159,159,168,168,159,159,159,159,168,168,168,168,168,168,179,179,160,160,160,160,160,160,160,160,160,160,160,160,160,160,172,172,172,172,172,172,172,172,172,172,172,172,172,172,172,172,161,161,161,161,161,161,161,161,161,161,161,161
169,169,169,169,169,169,169,169,169,173,173,173,173,173,173,174,174,174,174,174,174,189,189,190,190,190,190,203,203,169,169,169,169,169,169,187,187,123,123,188,188,188,188,188,188,188,188,188,188,222,222,222,222,166,166,166,166,166,166,222,222,222,222,175,175,175,175,121,121,121,121,121,121,132,132,132,132,132,132,132,191,191,191,192,192,192,192,192,192,192,192,192,192,176,176,176,176,176,176,176,176,176,176,176,176,176,176,157,181,181,181,181,151,151,193,151,193,182,182,182,182,182,182,182,182,182,182,194,194,194,195,195,195,180,180,180,180,180,180,180,180,167,167,185,185,185,185,185,185,183,183,183,183,183,158,183,183,184,184,184,184,184,196,196,196,196,196,196,164,196,154,170,170,170,170,170,170,170,170,178,178,178,171,171,171,171,178,171,171,186,186,186,186,186,186,186,186,186,186,186,186,186,186,186,186,186,159,159,168,168,159,159,159,159,168,168,168,168,168,168,179,179,160,160,160,160,160,160,160,160,160,160,197,197,197,197,197,197,197,197,172,172,172,172,172,172,172,172,172,172,172,172,161,161,161,161,161,161,161,161,161,161,161,161
169,169,169,169,169,169,169,169,169,173,173,173,173,174,174,174,174,174,174,174,174,189,189,190,190,190,190,203,203,203,203,187,187,187,187,187,187,187,187,188,188,188,188,188,188,188,188,188,188,222,222,222,222,222,222,222,222,222,222,222,222,222,222,175,175,175,175,175,175,175,175,121,121,132,132,132,132,132,132,132,191,191,191,192,192,192,192,192,192,192,192,192,192,176,176,176,176,176,176,176,176,176,176,176,176,181,181,181,181,181,198,198,198,193,193,193,193,193,193,193,193,193,182,182,182,182,219,219,194,195,195,195,195,195,180,180,180,180,180,180,180,167,167,185,185,185,185,185,185,183,183,183,183,183,183,183,183,184,184,184,184,184,184,184,196,196,196,196,196,196,154,170,170,170,170,170,170,170,170,178,178,178,171,171,171,171,171,171,186,186,186,186,186,186,186,186,186,186,186,186,186,186,186,186,186,186,159,159,168,168,159,159,159,159,168,168,168,168,168,168,179,179,179,179,179,179,160,160,160,160,160,160,197,197,197,197,197,197,197,197,197,197,197,197,207,207,207,207,207,207,207,207,161,161,161,161,161,161,161,161,161,161,161,161
169,169,169,169,169,169,169,169,169,173,173,173,173,174,174,174,174,174,174,174,174,189,189,190,190,190,190,203,203,203,203,187,187,187,187,187,187,187,187,188,188,188,188,188,188,188,188,188,188,188,188,222,222,222,222,222,222,222,222,222,222,222,222,175,175,175,175,175,175,175,175,121,121,132,132,132,132,132,132,132,191,191,191,192,192,192,192,192,192,192,192,192,192,176,176,176,176,176,176,176,176,176,176,176,176,181,181,181,181,181,198,198,198,193,193,193,193,193,193,193,182,182,182,219,219,182,219,219,194,195,195,195,195,195,180,180,180,180,180,180,167,167,167,199,185,185,185,185,185,183,183,183,183,183,183,183,183,184,184,184,184,184,184,184,200,200,196,196,196,196,196,170,170,170,170,170,170,170,201,201,201,201,202,202,202,171,171,171,186,186,186,186,186,186,186,186,186,186,186,186,186,186,186,186,186,186,159,159,168,168,159,159,159,159,168,168,168,168,168,168,179,179,179,179,179,179,179,179,160,160,160,160,197,197,197,197,197,197,197,197,197,197,197,197,207,207,207,207,207,207,207,207,161,161,161,161,161,161,161,161,161,161,161,161
169,169,169,169,169,173,173,173,173,173,173,173,173,174,174,174,174,174,174,189,189,189,189,190,190,190,190,203,203,187,187,187,187,187,187,203,203,187,187,188,188,188,188,188,188,188,188,188,188,188,188,188,188,188,188,222,222,222,222,222,222,222,222,175,175,175,175,175,175,175,175,121,121,132,132,132,132,132,132,132,191,191,191,192,192,192,192,192,192,192,192,192,192,176,176,176,176,204,204,204,204,204,204,204,181,181,181,181,198,198,198,198,198,193,193,193,193,193,193,193,219,219,219,219,219,219,219,194,194,194,195,195,195,195,205,205,205,167,167,167,167,199,199,199,199,185,185,185,185,183,183,183,183,183,183,183,184,184,184,184,184,184,184,200,200,200,196,206,206,206,206,170,206,206,201,201,201,201,201,201,201,201,202,202,171,171,171,171,186,186,186,186,186,186,186,186,186,186,186,186,186,186,186,186,186,186,159,159,168,168,159,159,159,159,168,168,168,168,168,168,179,179,179,179,179,179,179,179,179,179,179,179,197,197,197,197,197,197,197,197,197,197,197,197,197,197,207,207,207,207,207,207,161,161,207,207,207,207,161,161,161,161,161,161
169,169,169,169,169,173,173,173,173,173,173,173,173,174,174,174,174,174,174,189,189,190,190,190,190,203,203,203,203,187,187,187,187,187,187,203,203,187,187,188,188,188,188,188,188,188,188,188,188,188,188,188,188,188,188,222,222,222,222,222,222,222,222,175,175,175,175,175,175,175,175,175,175,175,175,132,132,132,132,191,191,191,191,192,192,192,192,192,192,192,192,192,192,176,176,176,204,204,204,204,204,204,204,204,181,181,181,181,181,198,198,198,198,193,193,193,193,193,193,193,219,219,219,219,219,219,219,194,194,194,195,195,195,195,205,205,205,167,167,167,167,199,199,199,199,185,185,185,185,183,183,183,183,183,183,183,184,184,184,184,184,184,184,200,200,200,200,206,206,206,206,206,206,206,201,201,201,201,201,201,201,201,202,202,202,202,202,171,186,186,186,186,186,186,186,186,186,186,186,186,186,186,186,186,186,186,159,159,168,168,168,168,159,159,168,168,168,168,168,168,179,179,179,179,179,179,179,179,179,179,179,179,197,197,197,197,197,197,197,197,197,197,197,197,197,197,207,207,207,207,207,207,207,207,207,207,207,207,161,161,161,161,161,161
169,169,169,173,173,173,173,173,173,173,173,174,174,174,174,174,174,174,174,189,189,190,190,190,190,203,203,203,203,203,203,203,203,203,203,203,203,187,187,187,187,188,188,188,188,188,188,188,188,188,188,188,188,188,188,222,222,222,222,222,222,222,222,222,222,175,175,175,175,175,175,175,175,175,175,175,175,132,132,191,191,192,192,192,192,192,192,192,192,192,192,192,192,192,204,204,204,204,204,204,204,204,204,204,181,181,181,181,198,198,198,198,208,208,208,193,193,193,193,193,219,219,219,219,219,219,219,194,194,194,209,195,195,195,195,205,205,205,205,199,199,199,199,199,199,185,185,185,185,185,183,183,183,183,183,183,184,184,184,210,210,184,184,200,200,200,200,200,206,206,206,206,206,206,206,201,201,202,201,201,201,201,202,202,211,202,202,202,202,212,212,212,212,186,186,186,186,186,186,186,186,186,186,159,159,159,159,168,168,168,168,168,168,168,168,179,179,179,179,179,179,213,213,213,213,179,179,179,179,179,179,197,197,197,197,197,197,197,197,197,197,197,197,197,197,207,207,207,207,207,207,207,207,207,207,207,207,214,214,214,214,214,161,161
169,169,169,173,173,173,173,173,173,173,173,174,174,174,174,174,174,174,174,189,189,190,190,203,203,203,203,203,203,203,203,203,203,203,203,203,203,187,187,187,187,188,188,188,188,188,188,188,188,215,215,188,188,188,188,222,222,222,222,222,222,222,222,222,222,222,222,175,175,175,175,175,175,175,175,175,175,132,132,191,191,192,192,192,192,192,192,192,192,192,192,192,192,192,204,204,204,204,204,204,204,216,216,216,181,181,198,198,198,198,198,198,208,208,208,193,193,193,193,193,193,219,219,219,219,219,219,194,194,194,209,195,195,195,195,205,205,205,205,205,199,199,199,199,199,185,185,185,185,185,183,183,183,183,183,217,217,184,210,210,210,210,210,200,200,200,200,200,200,200,206,206,206,206,206,201,201,202,202,202,202,202,202,202,211,211,211,202,202,212,212,212,212,186,186,186,186,186,186,186,186,186,213,213,213,213,213,168,168,213,213,213,168,168,179,179,179,179,179,179,213,213,213,213,213,213,179,179,179,179,256,256,256,256,197,197,197,197,197,197,197,197,197,197,207,207,207,207,207,207,207,207,207,207,207,207,214,214,214,214,214,214,161,161
249,249,249,249,249,249,249,173,173,174,174,174,174,174,174,174,174,174,174,189,189,190,190,203,203,203,203,203,203,203,203,203,203,203,203,203,203,187,187,187,187,188,188,188,188,215,215,215,215,215,215,188,188,188,188,244,244,222,222,222,222,222,222,222,222,222,222,175,175,175,175,175,175,175,175,175,175,132,132,191,191,192,192,192,192,192,192,192,192,192,192,192,192,204,204,227,227,204,204,216,216,216,216,216,181,198,198,198,198,198,198,198,208,208,208,193,193,193,193,193,193,193,193,219,219,219,194,194,194,194,209,209,195,195,195,205,205,205,205,199,199,199,199,199,199,185,185,185,185,185,185,217,183,183,217,217,217,184,210,210,210,210,210,210,200,200,200,200,200,200,200,206,206,206,206,201,202,202,202,202,202,218,218,218,218,211,211,202,202,212,212,212,212,212,212,213,213,213,213,213,213,213,213,213,213,213,213,168,168,213,213,213,213,213,179,179,179,179,213,213,213,213,213,213,213,213,179,179,179,179,256,256,256,256,197,197,197,197,197,197,197,197,197,197,207,207,207,207,207,207,207,207,207,207,207,207,214,214,214,214,214,214,161,161
249,249,249,249,249,249,249,173,173,174,174,174,174,174,174,174,174,174,174,189,189,190,190,203,203,203,203,203,203,203,203,203,203,203,203,203,203,187,187,187,187,187,187,215,215,215,215,215,215,215,215,215,215,215,215,244,244,244,244,222,222,222,222,222,222,222,222,175,175,175,175,175,175,175,175,175,175,132,132,132,191,192,192,192,192,192,192,192,192,192,227,192,192,204,227,227,204,204,204,216,216,216,216,216,198,198,198,198,198,198,198,208,208,208,208,208,208,208,208,193,193,193,193,219,219,194,194,194,194,194,194,209,195,195,205,205,205,205,205,199,199,199,199,199,199,185,185,185,185,185,185,217,217,217,217,217,217,217,210,210,210,210,210,210,200,200,200,200,200,200,200,206,206,206,206,201,202,202,202,202,202,218,218,218,218,211,211,211,211,211,212,212,212,212,212,213,213,213,213,213,213,213,213,213,213,213,213,168,168,213,213,213,213,213,179,179,179,179,213,213,213,213,213,213,213,213,179,179,179,179,179,179,256,256,197,197,197,197,197,197,197,197,197,197,207,207,207,207,207,207,207,207,207,207,207,207,214,214,214,214,214,214,214,214
249,249,249,249,249,173,173,173,173,189,189,189,189,189,189,189,189,189,189,189,189,190,190,203,203,203,203,187,187,187,187,187,187,187,187,187,187,187,187,187,187,187,187,215,215,215,215,215,215,215,215,215,215,215,215,244,244,244,244,222,222,222,222,222,222,222,222,175,175,175,175,175,175,175,175,175,175,132,132,132,191,191,191,191,191,191,191,191,191,227,227,227,227,204,227,227,204,204,204,216,216,216,216,216,198,198,198,198,198,198,208,208,208,208,208,208,208,208,208,193,193,193,193,219,219,194,194,219,194,194,194,209,195,195,195,205,205,205,205,199,199,199,220,199,199,199,199,199,199,217,217,217,217,217,217,217,217,210,210,210,210,210,210,210,210,200,200,200,200,200,200,206,206,206,206,206,202,202,202,202,202,218,218,211,211,211,211,211,211,211,211,212,212,212,212,212,212,212,213,213,213,213,213,213,213,213,213,213,213,213,213,213,213,213,179,179,213,213,213,213,213,213,213,213,213,213,179,179,179,179,179,179,256,256,197,197,197,197,197,197,197,197,197,197,207,207,207,207,207,207,207,207,207,207,207,207,214,214,214,214,214,214,214,214
249,249,249,249,249,173,173,173,173,189,189,189,189,189,189,189,189,189,189,189,189,190,190,190,190,203,203,187,187,221,221,187,187,187,187,187,187,187,187,187,187,187,187,215,215,215,215,215,215,215,215,215,215,215,215,244,244,244,244,222,222,222,222,222,222,222,222,222,222,222,222,175,175,222,222,191,191,191,191,191,191,191,191,191,191,191,191,191,191,227,227,227,227,227,227,204,204,204,216,216,216,216,216,216,198,198,198,198,198,198,198,208,208,208,208,208,208,193,193,193,219,219,219,219,219,219,219,219,194,194,194,209,195,223,223,223,223,223,220,220,220,220,220,220,220,220,220,220,220,220,220,217,217,217,217,217,217,217,210,210,210,210,210,210,200,200,200,200,200,200,200,206,224,224,224,224,202,202,202,218,218,218,218,211,211,211,211,211,211,211,211,211,212,212,212,212,212,212,212,213,213,213,213,213,213,213,213,213,213,213,213,213,213,213,213,213,213,213,213,213,213,179,179,213,213,179,179,256,256,256,256,256,256,197,197,197,197,197,197,197,197,197,197,214,214,207,207,207,207,207,207,207,207,207,207,214,214,214,214,214,214,214,214,225
249,249,249,173,173,173,173,173,173,189,189,189,189,189,189,189,189,189,189,190,190,190,190,190,190,221,221,187,187,221,221,187,187,187,187,187,187,187,187,187,187,187,187,215,215,215,215,215,215,215,215,215,215,215,215,244,244,244,244,222,222,244,244,222,222,222,222,222,222,222,222,175,175,175,222,191,191,191,191,191,191,191,191,191,226,226,226,226,226,226,227,227,227,227,227,204,204,204,227,216,216,216,216,216,198,198,198,198,198,228,228,228,228,228,234,234,234,234,234,219,219,219,219,219,194,194,194,194,194,194,209,209,209,209,223,223,223,223,220,220,220,220,220,220,220,220,220,220,220,220,220,217,217,217,217,217,229,229,229,229,229,229,210,210,200,236,236,200,200,200,224,224,224,224,224,224,224,202,202,218,218,218,218,218,211,211,211,211,211,230,230,212,212,212,212,230,212,212,212,212,213,213,213,213,213,213,213,213,256,256,256,256,256,256,213,213,179,179,179,179,179,179,179,179,179,179,256,256,256,256,256,256,214,214,214,214,197,197,197,197,214,214,214,214,214,214,214,214,214,214,214,214,214,214,214,214,214,214,214,214,214,214,214,225
249,249,249,173,173,173,173,173,173,189,189,189,189,189,189,189,189,189,189,190,190,190,190,190,190,221,221,187,187,221,221,187,187,187,187,187,187,187,187,187,187,215,215,215,215,215,215,215,215,231,231,215,215,251,251,244,244,244,244,244,244,244,244,222,222,222,222,222,222,222,222,222,222,222,222,191,191,191,191,191,191,191,226,226,226,226,226,226,226,226,226,227,227,232,227,227,227,227,227,227,227,216,216,216,228,228,198,198,198,228,228,228,228,233,233,233,233,233,234,234,234,194,194,194,194,234,234,234,209,209,209,209,209,209,209,223,223,223,223,223,235,220,235,235,235,220,220,220,220,220,220,220,217,217,217,217,217,217,217,217,217,229,229,229,236,236,236,200,236,236,224,224,224,224,224,224,224,237,237,218,218,218,218,218,211,211,211,211,211,230,230,230,230,230,230,230,212,212,212,212,213,213,213,213,213,213,213,213,256,256,256,256,256,256,256,179,179,256,256,179,179,256,256,179,179,256,256,256,256,256,256,214,214,214,214,214,214,214,214,214,214,214,214,214,214,214,214,214,214,214,214,214,214,214,214,299,299,214,214,225,225,214,214,225
249,249,249,173,173,173,173,173,173,173,173,189,189,189,189,189,189,190,190,190,190,190,190,190,190,221,221,221,221,221,221,187,187,187,187,187,187,187,187,187,187,215,215,215,215,215,215,215,215,231,231,231,231,251,251,244,244,244,244,244,244,244,244,222,222,222,222,222,222,222,222,222,222,222,222,191,191,191,191,191,191,226,226,226,226,226,226,226,238,238,226,227,232,232,232,227,227,227,227,216,216,216,216,216,228,228,228,228,228,228,228,228,228,233,233,233,233,233,234,234,234,234,194,234,234,234,234,234,209,209,209,209,209,209,209,223,223,223,223,223,235,235,235,235,235,235,235,235,239,239,220,220,240,240,217,217,217,217,217,217,229,229,241,241,236,236,236,236,236,236,224,224,224,224,224,224,224,237,237,218,218,218,218,218,211,211,211,211,230,230,230,230,230,230,230,230,230,212,212,212,242,213,213,213,243,243,243,243,243,243,243,243,243,243,256,256,256,256,256,256,256,256,256,256,256,256,256,256,256,256,214,214,214,214,214,214,214,214,214,214,214,214,214,214,299,299,299,299,299,299,299,299,299,299,299,299,225,225,225,225,225,225,225,225
249,249,249,173,173,173,173,173,173,173,173,189,189,189,189,189,189,190,190,190,190,190,190,190,190,221,221,221,221,221,221,187,187,187,187,187,187,187,187,187,187,215,215,215,215,215,215,215,215,231,231,231,231,251,251,244,244,244,244,244,244,244,244,244,244,244,244,244,244,222,222,244,244,244,222,191,191,191,191,191,245,245,245,245,245,238,226,238,238,226,226,232,232,232,227,227,227,227,227,216,216,216,216,216,216,228,228,228,228,233,233,228,228,233,233,233,233,233,234,234,234,234,234,234,234,234,234,209,209,209,209,209,209,209,209,209,223,223,223,223,223,235,235,235,235,235,239,239,239,239,220,220,240,240,240,217,217,229,229,229,229,229,241,241,236,236,236,236,236,236,224,224,224,224,237,237,237,237,218,218,218,218,218,218,211,211,211,230,230,230,230,230,230,230,230,230,230,212,212,212,242,242,213,213,243,243,243,243,243,243,243,243,243,243,243,243,243,243,256,256,256,256,256,256,256,256,256,256,256,256,214,214,214,214,214,214,214,214,214,214,214,214,214,214,299,299,299,299,299,299,299,299,299,299,225,225,225,225,225,225,225,225,225,246
249,249,249,173,173,173,173,173,173,173,173,189,189,189,189,190,190,190,190,190,190,190,190,190,190,221,221,221,221,221,221,187,187,187,187,187,187,187,187,187,187,215,215,215,215,215,215,215,215,231,231,251,251,251,251,244,244,244,244,244,244,244,244,244,244,244,244,244,244,222,222,244,244,244,222,222,222,222,245,245,245,238,238,245,245,238,238,238,232,232,232,232,232,232,232,232,227,227,227,227,216,216,247,247,228,228,248,248,248,248,233,233,233,233,233,233,233,233,234,234,234,234,234,234,234,234,234,209,209,209,209,209,209,209,209,209,209,223,223,223,235,235,235,239,239,239,239,239,239,240,220,220,220,240,240,217,217,229,229,229,229,241,241,241,236,236,236,236,236,236,236,224,269,224,224,237,237,237,237,237,237,218,218,218,211,211,230,230,230,254,230,230,230,230,230,230,230,212,212,242,242,242,242,243,243,243,243,243,243,243,243,243,243,243,243,243,243,243,256,256,256,256,256,256,256,256,256,256,256,256,214,214,214,214,214,214,214,214,299,299,299,299,214,214,214,214,299,299,299,299,299,299,299,299,225,225,225,225,225,225,225,225,225,246
249,249,249,173,173,173,173,249,249,173,173,189,189,189,189,190,190,190,190,190,190,190,190,190,190,221,221,221,221,221,221,250,250,250,250,250,250,250,250,250,250,250,250,250,250,215,215,215,215,231,231,251,251,251,251,244,244,244,244,244,244,244,244,251,251,251,251,251,244,244,244,244,244,244,244,244,244,245,245,245,245,238,238,238,238,238,238,238,232,232,232,232,232,232,232,232,232,247,227,227,216,247,247,247,228,248,248,248,248,248,233,233,233,233,233,233,233,233,233,233,234,234,234,234,234,234,234,252,209,209,209,209,209,209,209,209,209,223,223,235,235,235,235,239,239,239,239,239,239,240,240,220,240,240,240,240,240,240,229,229,229,241,241,241,241,236,236,236,236,224,224,224,269,269,237,237,237,237,237,237,253,253,218,253,211,211,230,230,230,254,254,230,230,254,254,230,230,212,212,255,242,242,243,243,243,243,243,243,243,243,243,243,243,243,243,243,243,256,256,256,256,256,256,256,256,256,256,214,214,214,214,214,214,256,256,214,214,299,299,299,299,299,299,299,299,214,214,299,299,299,299,299,299,299,299,225,225,225,225,225,225,225,225,246
249,249,249,249,249,173,173,249,249,173,173,173,173,257,257,190,190,190,190,190,190,190,190,221,221,221,221,221,221,221,221,250,250,250,250,250,250,250,250,250,250,215,215,215,215,215,215,215,215,231,231,251,251,251,251,251,251,251,251,251,251,251,251,251,251,251,251,251,244,244,244,244,244,244,244,258,258,245,245,245,245,238,238,238,238,238,238,232,232,232,232,232,232,232,232,232,247,247,227,227,247,247,247,247,247,248,248,248,248,248,233,259,259,259,259,259,233,233,233,233,233,276,276,252,234,234,252,252,209,209,209,260,260,209,209,209,209,223,223,235,235,235,235,239,239,239,239,239,239,240,240,240,240,240,240,240,240,229,229,229,229,241,241,241,241,236,261,261,261,261,261,261,269,269,237,237,237,237,237,237,253,253,253,253,253,211,230,230,230,254,254,254,254,254,254,255,255,255,255,255,242,242,242,242,243,243,243,243,243,243,243,243,243,243,243,243,243,256,256,256,256,256,256,256,256,256,256,214,214,214,214,214,214,256,256,256,256,299,299,299,299,299,299,299,299,299,299,299,299,299,299,299,299,299,299,225,225,225,225,225,225,225,225,246
249,249,249,249,249,173,173,249,249,173,173,173,173,257,257,190,190,190,190,190,190,190,190,221,221,221,221,221,221,262,262,250,250,250,250,250,250,250,250,250,250,215,215,215,215,215,215,231,231,231,231,251,251,251,251,251,251,251,251,251,251,251,251,251,251,251,251,251,251,244,244,244,244,244,258,258,258,245,245,245,238,238,238,238,238,238,238,238,232,232,232,232,232,232,232,247,247,247,247,247,247,247,247,247,247,248,248,248,248,248,233,259,259,259,259,259,233,233,233,233,276,276,276,252,252,252,252,252,209,209,209,260,260,260,260,209,209,223,235,235,235,235,235,239,239,239,239,239,278,278,240,240,240,240,240,240,240,240,229,229,229,229,241,241,241,236,236,261,261,261,261,261,269,269,237,237,237,237,237,253,253,253,253,253,253,211,230,263,263,263,254,254,254,254,254,255,255,255,255,255,242,242,242,242,242,243,243,243,243,243,243,264,243,243,243,243,243,243,243,243,264,264,256,256,256,256,256,256,256,256,256,256,256,256,256,256,256,256,265,265,299,299,299,299,299,299,299,299,299,299,265,265,299,299,225,225,225,225,225,225,225,225,225,246
249,249,249,249,249,173,173,249,249,257,257,257,257,257,257,190,190,190,190,190,190,221,221,221,221,221,221,221,221,262,262,250,250,250,250,250,250,250,250,250,250,231,231,231,231,231,231,231,231,231,231,231,231,251,251,251,251,251,251,251,251,251,251,251,251,251,251,251,251,244,244,244,258,258,258,258,258,245,245,245,238,238,266,238,238,238,238,238,238,238,238,238,238,232,232,247,247,247,247,247,247,247,285,247,247,285,248,248,248,248,248,259,259,259,267,259,259,259,259,276,276,276,276,252,252,252,252,252,252,252,252,260,260,260,260,209,209,223,235,235,235,235,235,239,239,268,239,239,278,278,278,240,240,240,240,240,240,240,229,229,291,291,241,241,241,241,241,261,261,261,261,261,269,269,237,237,269,237,253,253,253,253,253,253,253,211,263,263,263,263,263,254,254,254,255,255,255,255,255,255,255,242,242,242,242,242,242,243,243,243,243,264,264,264,264,264,264,264,264,264,264,264,264,256,256,256,256,256,256,265,265,265,265,256,256,265,265,265,265,265,265,265,265,299,299,265,265,265,265,265,265,299,299,225,225,225,225,225,225,246,246,246,246,246
249,249,249,249,249,249,249,249,249,257,257,257,257,257,257,190,190,190,190,190,190,221,221,221,221,221,221,221,221,262,262,250,250,250,250,250,250,250,250,250,250,231,231,231,231,231,231,231,231,231,231,231,231,251,251,251,251,251,251,251,251,251,251,251,251,251,251,251,251,244,244,244,258,258,258,258,258,258,258,245,245,266,266,266,266,266,266,266,270,270,270,238,238,232,232,232,232,247,247,247,285,285,285,285,247,285,285,248,248,248,248,259,259,259,267,267,259,259,276,276,276,276,276,252,252,252,252,252,252,252,252,252,260,260,260,260,260,260,235,268,268,235,268,268,268,268,239,271,278,278,278,240,240,240,240,240,240,291,229,291,291,291,241,241,241,241,241,261,261,269,269,269,269,269,269,269,269,253,253,253,253,253,253,253,253,211,263,263,263,263,263,263,263,254,254,255,255,255,255,255,255,255,242,242,242,242,242,264,264,264,264,264,264,264,264,264,264,264,264,264,264,264,264,264,265,265,265,265,265,265,265,265,265,265,265,265,265,265,265,265,265,265,265,265,265,265,265,265,265,265,299,299,225,225,225,225,246,246,246,246,246,246,246,246
249,249,249,257,257,257,257,257,257,257,257,257,257,257,257,257,257,272,272,272,272,221,221,221,221,221,221,221,221,262,262,262,262,250,250,250,250,250,250,250,250,231,231,231,231,231,231,231,231,231,231,231,231,251,251,251,251,273,273,273,251,251,251,251,251,251,251,251,251,251,274,274,274,258,258,258,258,258,245,245,245,266,266,266,266,266,266,266,270,270,270,270,238,238,238,232,232,247,247,247,285,285,285,285,285,285,285,285,248,259,259,259,259,259,267,275,275,276,276,276,276,276,276,252,252,276,252,252,252,252,252,252,252,260,260,260,260,260,277,277,268,268,268,268,268,268,271,271,271,278,278,240,240,278,240,291,291,291,229,291,291,241,241,241,241,241,241,261,269,269,269,269,269,269,269,269,269,253,253,253,253,253,253,253,253,279,263,263,263,263,263,263,263,263,255,255,255,255,255,255,255,255,242,242,242,242,242,280,264,264,264,264,264,264,264,264,264,264,264,264,264,264,264,264,265,265,265,265,265,265,265,265,265,265,265,265,265,265,265,265,265,265,265,265,265,265,265,265,265,265,299,299,225,225,225,225,246,246,246,246,246,246,246,246
249,249,249,257,257,257,257,257,257,257,257,257,257,257,257,257,257,272,272,272,272,221,221,221,221,221,221,221,221,262,262,262,262,250,250,250,250,250,250,250,250,231,231,231,231,231,231,231,231,231,231,231,231,231,231,251,251,273,273,273,251,251,251,251,251,251,251,251,251,274,274,274,274,258,258,258,258,258,245,245,245,266,266,266,266,270,270,270,270,270,270,270,270,270,281,232,247,247,247,247,285,285,285,285,285,285,248,248,248,259,259,259,259,259,267,275,275,276,276,276,276,276,276,252,276,276,282,282,282,282,282,282,282,282,260,260,260,260,277,277,277,268,268,268,268,268,271,271,271,278,278,278,278,278,278,291,291,291,291,291,291,291,241,241,241,241,241,261,261,261,261,261,269,269,269,269,253,253,253,253,253,253,253,253,253,279,279,263,263,263,263,263,263,263,255,255,255,255,255,255,255,255,242,242,242,242,242,280,280,264,264,264,264,264,264,264,264,264,264,264,264,264,264,264,265,265,265,265,265,265,265,265,265,265,265,265,265,265,265,265,265,265,265,265,265,265,265,265,265,265,299,299,225,225,225,225,246,246,246,246,246,246,246,246
347,347,347,257,257,257,257,257,257,257,257,257,257,257,257,257,257,272,272,283,283,221,221,221,221,221,221,221,221,262,262,262,262,250,250,250,250,250,250,250,250,231,231,231,231,231,231,231,231,231,231,231,231,231,231,273,273,273,273,273,273,273,273,273,251,251,251,251,274,274,274,274,274,274,274,274,274,274,245,245,245,308,308,266,266,270,270,270,270,270,270,270,270,270,281,281,281,281,281,284,285,285,285,285,285,285,285,248,248,259,259,285,259,259,267,275,275,276,276,276,286,286,276,276,276,276,276,282,282,282,282,282,282,260,260,277,277,277,277,277,277,277,268,268,268,268,268,268,271,278,278,278,278,278,291,291,291,291,291,287,291,291,291,241,241,241,241,261,261,261,261,261,269,269,269,269,253,253,253,279,279,279,279,279,279,279,279,279,263,263,263,263,263,263,255,255,288,288,288,288,288,255,242,242,242,242,242,280,280,264,264,264,264,264,264,264,264,264,264,264,264,264,264,264,265,265,265,265,265,265,265,265,265,265,265,265,265,265,265,265,265,265,265,265,265,265,289,289,289,289,299,299,225,225,246,246,246,246,246,246,246,246,246,246
347,347,347,257,257,257,257,257,257,257,257,257,257,257,257,257,257,272,272,283,283,221,221,221,221,262,262,262,262,262,262,262,262,250,250,250,250,250,250,250,250,231,231,231,231,231,231,231,231,231,231,231,231,231,231,273,273,273,273,273,273,273,273,273,273,273,251,274,274,274,274,274,274,274,290,290,274,274,308,308,308,308,308,266,266,266,266,270,270,270,270,270,270,270,281,281,281,281,281,284,284,284,284,284,285,285,285,285,285,259,285,285,259,259,267,275,275,276,276,276,286,286,286,276,276,282,282,282,282,282,282,260,260,260,260,277,277,277,277,277,277,277,268,268,268,268,268,271,271,278,278,278,278,278,278,278,291,287,287,287,291,291,291,291,291,291,261,261,291,291,292,269,269,269,269,269,253,253,253,279,279,279,279,279,279,279,279,279,263,263,263,263,288,288,288,288,288,288,288,288,288,255,242,293,293,242,293,280,280,280,264,264,264,264,264,264,264,264,264,264,264,264,264,264,264,264,264,264,264,264,265,265,265,265,265,265,265,265,265,265,265,265,265,265,265,265,289,289,289,289,299,299,225,225,246,246,246,246,246,246,246,246,246,246
347,347,347,347,347,257,257,257,257,257,257,257,257,272,272,272,272,272,272,283,283,283,283,221,221,262,262,262,262,262,262,262,262,262,262,250,250,250,250,250,250,231,231,231,231,231,231,231,231,231,231,231,231,231,231,273,273,273,273,273,273,273,273,273,273,274,274,274,274,274,274,274,274,274,290,290,290,290,308,308,308,308,308,266,266,266,266,266,270,270,270,270,270,270,270,270,270,281,281,284,284,284,284,284,284,285,285,285,285,285,285,285,285,267,267,275,275,276,286,286,286,286,286,286,294,282,282,282,282,282,282,282,260,260,260,260,277,277,277,277,277,277,277,268,268,268,268,271,271,278,278,295,295,278,295,278,278,287,287,291,291,291,296,291,291,291,291,291,291,292,292,292,292,269,269,269,253,253,253,279,279,279,279,279,279,279,279,279,263,263,263,263,263,263,288,288,288,288,288,288,288,288,293,293,293,293,293,280,280,280,264,264,264,264,264,264,264,264,264,264,264,297,297,297,297,264,264,264,264,264,264,264,264,265,265,265,265,265,265,298,298,265,265,265,265,289,289,289,289,299,299,225,225,299,299,246,246,246,246,246,246,246,246,246
347,347,347,347,347,257,257,257,257,257,257,257,257,272,272,272,272,272,272,283,283,283,283,221,221,221,221,262,262,262,262,262,262,262,262,250,250,250,250,250,250,250,250,300,300,300,300,300,231,231,231,231,231,231,231,273,273,273,273,273,273,273,273,273,274,274,274,274,274,274,274,290,290,290,290,290,290,290,290,308,308,308,308,266,266,266,266,266,266,270,270,270,270,270,270,281,281,281,281,284,284,284,284,284,284,284,285,285,285,285,285,285,267,267,267,275,286,286,286,286,286,286,286,286,294,282,282,282,282,282,337,337,337,260,260,277,277,277,277,277,277,277,301,268,268,268,301,301,271,271,295,295,295,295,295,295,287,287,287,291,291,291,296,291,302,302,302,302,292,292,292,292,292,269,269,269,253,253,253,279,279,303,303,279,279,279,279,279,263,263,263,263,263,288,288,288,288,288,288,288,288,288,293,293,293,293,293,280,280,280,280,280,264,264,264,264,264,264,264,264,264,297,297,297,297,297,304,304,264,264,264,264,264,264,264,264,298,298,298,298,298,298,298,298,289,289,289,289,299,299,299,299,299,299,305,305,246,246,305,305,305,246,246,246
347,347,347,347,347,347,347,272,272,257,257,272,272,272,272,272,272,283,283,283,283,283,283,221,221,221,221,262,262,262,262,262,262,262,262,250,250,250,250,250,250,250,250,300,300,300,300,300,231,231,231,231,231,231,231,273,273,273,273,273,273,273,306,306,306,306,274,274,306,306,290,290,290,290,290,290,290,290,290,308,308,307,308,266,308,266,266,308,266,270,270,270,270,270,317,281,281,281,281,284,284,284,284,284,309,309,309,285,285,285,285,267,267,267,267,275,275,286,286,286,294,294,286,286,294,282,282,282,282,282,337,337,260,260,260,260,277,277,277,301,301,301,301,268,268,268,301,301,271,271,295,295,295,295,295,295,287,287,287,291,296,296,296,302,302,302,302,302,292,292,292,292,292,292,269,269,253,303,253,303,303,303,303,303,279,279,279,279,263,263,263,263,288,288,288,288,288,288,288,288,288,288,293,293,293,293,293,293,293,280,280,264,264,264,264,264,264,264,264,264,264,297,297,297,297,297,304,304,264,264,264,264,264,264,264,264,298,298,298,298,298,298,298,298,289,289,289,289,299,299,299,299,299,299,305,305,246,246,305,305,305,246,246,246
347,347,347,347,347,347,347,272,272,257,257,272,272,272,272,272,272,283,283,283,283,283,283,221,221,310,310,262,262,262,262,262,262,262,262,310,310,250,250,250,250,311,311,300,300,300,300,300,231,321,321,321,321,321,321,273,273,273,273,273,273,273,306,306,306,306,306,274,306,290,290,290,290,290,290,290,290,307,307,307,307,307,308,308,308,308,308,308,308,308,308,317,317,317,317,281,281,281,281,281,284,284,284,309,309,309,309,309,309,309,267,267,267,267,267,267,275,275,286,286,294,294,286,294,294,282,282,282,282,282,337,337,260,260,260,260,277,277,277,301,301,301,301,301,301,301,301,301,271,295,295,295,295,295,295,295,295,287,291,291,291,296,296,302,302,302,302,302,302,292,292,292,292,292,253,253,253,303,303,303,303,303,303,303,303,303,303,303,263,263,263,288,288,288,288,288,288,288,314,314,314,288,288,293,293,293,293,293,293,280,280,280,264,264,264,264,264,264,264,264,264,297,297,297,297,297,304,304,304,304,298,298,298,298,298,298,298,298,298,298,298,298,298,298,289,289,289,289,289,289,299,299,305,305,305,305,305,305,305,305,305,246,246,246
347,347,347,272,272,272,272,272,272,272,272,272,272,272,272,272,272,283,283,283,283,283,283,221,221,310,310,262,262,262,262,262,262,262,262,310,310,250,250,311,311,311,311,300,300,300,300,300,231,321,321,321,321,321,321,273,273,273,273,273,273,273,306,306,306,306,306,306,306,290,290,290,290,290,290,290,290,307,307,307,312,312,308,308,308,308,308,308,308,308,317,317,317,317,281,281,281,281,281,284,284,284,284,284,309,309,309,309,309,330,267,267,267,267,267,275,275,275,275,294,294,294,294,294,294,294,294,294,294,294,337,337,260,260,277,277,277,277,277,301,301,301,301,301,301,301,301,271,271,271,271,271,295,295,295,287,287,287,291,291,291,296,302,302,302,302,302,302,302,292,292,292,292,292,253,253,253,303,303,303,303,303,303,303,303,303,303,303,340,263,263,263,263,313,313,313,345,345,314,314,314,314,314,314,293,293,314,314,293,280,280,280,280,280,264,264,264,264,264,264,264,297,297,297,297,297,304,304,304,304,298,298,298,298,298,298,298,298,298,298,298,298,298,298,289,289,289,289,289,289,299,299,305,305,305,305,305,305,305,305,305,246,246,246
347,347,347,272,272,272,272,272,272,272,272,272,272,272,272,272,272,283,283,283,283,221,221,221,221,310,310,310,310,262,262,262,262,262,262,310,310,311,311,311,311,311,311,300,300,300,300,231,231,321,321,321,321,273,273,273,273,273,273,273,273,315,315,306,306,306,306,306,306,290,290,290,290,290,307,307,290,307,307,307,312,312,312,312,312,308,308,316,316,316,316,317,317,317,317,317,281,317,317,317,284,284,284,284,284,309,309,309,330,330,330,267,267,275,275,275,275,275,275,294,294,294,294,294,294,294,294,294,294,294,337,260,260,260,277,277,277,277,301,301,301,301,301,301,301,318,271,271,271,271,271,271,271,295,287,287,296,296,296,296,296,296,296,302,302,302,302,302,302,292,292,292,292,292,326,326,303,303,303,303,303,303,303,303,303,303,319,303,340,313,313,313,313,313,313,313,345,345,314,314,314,314,314,314,314,314,314,314,320,320,280,280,280,280,264,264,264,264,264,264,264,297,297,297,297,297,304,304,298,298,298,298,298,298,298,298,298,298,298,298,298,298,298,298,289,289,289,289,299,299,299,299,305,305,305,305,305,305,305,305,305,246,246,246
347,347,347,272,272,272,272,272,272,272,272,272,272,272,272,272,272,272,272,283,283,221,221,310,310,310,310,310,310,262,262,262,262,262,262,310,310,311,311,311,311,311,311,300,300,300,300,231,231,321,321,321,273,273,273,273,321,321,321,315,315,315,315,315,322,322,306,306,306,306,306,307,307,307,307,307,307,307,307,307,312,323,312,312,312,316,316,316,316,316,316,317,317,317,317,317,281,317,317,317,284,284,284,284,284,309,309,309,330,330,330,330,275,275,275,275,275,275,294,294,294,294,294,294,294,294,294,294,337,337,337,260,260,260,260,277,277,324,301,301,301,301,301,301,318,318,271,271,271,287,287,287,287,287,287,287,287,287,287,296,296,296,296,325,325,302,302,302,325,292,292,292,292,326,326,326,303,303,303,303,303,303,303,303,303,303,319,319,340,313,313,313,313,313,313,345,345,345,314,314,314,314,314,314,314,314,314,320,320,320,320,320,280,280,264,297,297,297,297,297,297,297,297,297,297,297,304,304,298,298,298,298,298,298,298,298,298,298,298,298,298,298,298,298,289,289,289,289,299,299,299,299,305,305,305,305,305,305,305,305,305,246,246,246
347,347,347,347,347,272,272,272,272,272,272,272,272,272,272,272,272,272,272,283,283,221,221,310,310,310,310,310,310,310,310,310,310,310,310,310,310,311,311,311,311,311,311,300,300,300,300,231,231,321,321,321,273,273,273,321,321,321,321,321,315,315,315,315,322,322,322,306,306,306,306,307,307,312,307,312,312,307,307,312,312,323,323,323,312,316,316,316,316,316,316,316,316,317,317,317,281,317,317,317,317,284,284,284,284,309,309,309,330,330,330,336,336,275,275,275,275,275,294,294,294,294,294,294,294,294,294,294,337,337,337,324,324,260,324,324,324,324,324,324,324,301,318,318,318,318,318,271,271,287,287,287,287,287,287,287,287,287,287,296,296,296,296,325,325,302,302,325,325,292,292,292,326,326,326,326,326,303,326,303,303,303,303,303,303,303,319,319,340,340,313,313,313,313,313,313,345,345,314,314,314,314,314,314,314,314,314,342,320,320,320,320,280,297,297,297,297,297,297,297,297,297,297,297,297,297,304,304,304,304,304,304,304,304,304,304,298,298,298,298,298,298,298,298,289,289,289,289,289,289,289,289,289,289,289,289,289,289,289,289,305,246,246,246
347,347,347,347,347,272,272,272,272,272,272,272,272,272,272,272,272,283,283,283,283,221,221,221,221,310,310,310,310,310,310,310,310,310,310,310,310,311,311,311,311,311,311,300,300,300,300,231,231,231,321,321,321,273,273,321,321,321,321,321,315,315,315,322,322,322,322,334,334,334,334,307,307,312,312,312,312,312,312,312,323,323,323,323,312,316,316,316,316,316,316,316,316,316,316,317,317,317,317,317,317,317,317,284,309,309,309,309,330,330,330,336,336,336,336,275,275,275,294,294,294,294,294,327,294,294,294,337,337,337,324,324,324,324,324,324,324,324,324,324,301,301,301,318,318,318,271,271,271,287,287,287,287,287,287,287,296,296,296,296,296,296,325,325,325,302,325,325,325,292,292,292,326,326,326,326,326,326,326,326,326,326,303,303,303,303,319,319,340,340,313,313,313,313,313,313,313,345,314,314,314,314,314,314,314,314,314,342,320,320,320,320,280,280,297,297,297,297,297,297,297,328,328,297,297,297,304,304,304,304,304,304,304,304,304,304,298,298,298,298,289,289,289,289,289,289,289,289,289,289,289,289,289,289,289,289,289,289,289,289,305,305,246,246
347,347,347,347,347,347,347,272,272,272,272,283,283,283,283,283,283,283,283,283,283,283,283,221,221,310,310,310,310,310,310,310,310,310,310,310,310,311,311,311,311,300,300,300,300,300,300,231,231,231,231,321,321,273,321,321,321,321,321,315,315,315,322,322,322,322,322,334,334,334,334,307,307,307,312,312,312,312,312,312,323,323,323,323,312,312,312,312,316,316,316,316,316,316,316,329,317,317,317,317,317,317,309,309,309,309,309,309,330,330,330,336,336,330,336,336,275,275,275,294,294,294,294,327,327,327,327,337,337,337,324,324,324,324,324,324,331,324,324,324,324,324,318,318,318,344,344,344,344,344,344,338,338,338,296,296,296,332,332,332,296,296,325,325,325,325,325,325,325,292,292,292,326,326,326,326,326,326,326,326,326,326,303,333,319,319,319,319,340,340,313,313,313,313,313,313,313,345,314,314,314,314,314,314,342,342,342,342,320,320,320,320,320,280,297,297,297,297,297,297,297,328,328,297,297,297,304,304,304,304,304,304,304,304,298,298,298,298,298,298,289,289,289,289,289,289,289,289,289,289,289,289,289,289,289,289,289,289,289,289,305,305,246,246
347,347,347,347,347,347,347,272,272,272,272,283,283,283,283,283,283,283,283,283,283,283,283,221,221,310,310,310,310,310,310,310,310,310,310,310,310,311,311,311,311,300,300,300,300,300,300,231,231,321,321,321,321,321,321,321,321,321,315,315,315,315,315,322,322,322,334,334,334,334,334,334,334,307,334,312,312,312,312,323,323,323,323,323,323,323,323,323,367,367,367,329,329,329,329,329,317,317,317,335,335,335,335,309,309,309,335,309,330,330,330,330,330,330,330,336,336,336,294,294,336,336,336,336,336,336,327,327,337,337,324,337,324,324,324,324,331,331,324,324,324,324,318,318,344,344,344,344,344,338,338,338,338,338,338,338,296,338,338,332,325,325,325,325,325,325,325,325,325,325,292,292,326,326,326,326,326,326,326,339,339,339,333,333,319,319,319,319,319,340,340,313,340,340,341,313,345,345,314,314,314,314,314,314,342,342,342,342,320,342,320,320,320,280,297,297,297,297,297,297,297,328,328,297,297,297,304,304,304,304,304,304,304,304,298,298,298,298,298,298,289,289,289,289,289,289,289,289,289,289,289,289,289,289,289,289,289,289,289,289,305,305,246,246
347,347,347,347,347,272,272,272,272,272,272,283,283,283,283,283,283,283,283,283,283,283,283,221,221,310,310,310,310,310,310,311,311,311,311,311,311,311,311,311,311,300,300,300,300,231,231,231,231,321,321,321,321,321,321,321,321,343,315,315,315,315,322,322,322,322,334,334,334,334,334,334,334,307,334,312,312,312,323,323,323,323,323,323,357,357,357,323,367,367,367,329,329,329,329,329,329,335,317,335,335,335,309,309,309,335,335,330,330,330,330,330,330,330,330,330,336,336,336,336,336,336,336,336,336,336,327,327,337,337,337,337,324,324,331,331,331,318,318,318,318,318,318,318,344,344,344,338,338,338,344,344,338,338,338,338,338,338,332,332,325,325,325,325,325,325,325,325,325,325,292,292,292,326,326,326,326,326,326,339,339,339,333,333,333,333,319,319,319,319,340,313,340,340,341,341,345,345,345,314,345,345,314,314,342,342,342,342,342,342,342,320,320,280,297,297,297,297,297,297,297,328,328,297,297,297,304,304,304,304,304,304,304,304,298,298,298,298,298,298,289,289,289,289,346,346,346,346,346,346,346,346,346,346,346,346,289,289,289,289,289,305,305,305
347,347,347,347,347,272,272,272,272,347,347,283,283,348,348,348,348,221,221,283,283,283,283,221,221,310,310,310,310,310,310,311,311,311,311,311,311,311,311,311,311,300,300,300,300,231,231,231,231,231,321,321,321,321,321,321,343,343,315,315,315,322,322,322,322,322,334,334,334,334,334,334,334,334,334,312,312,312,323,323,323,357,357,357,357,357,323,323,367,367,367,367,329,329,329,329,329,335,335,335,335,335,335,335,335,335,335,378,378,378,378,330,330,330,330,330,330,336,336,336,336,336,349,349,336,336,327,327,337,337,331,331,331,331,331,331,318,318,318,350,350,318,318,318,344,344,344,344,344,344,344,344,344,344,338,338,338,338,332,351,351,351,351,325,325,325,325,325,325,325,292,292,292,326,326,326,326,326,326,339,339,339,333,333,333,319,319,319,319,319,340,340,340,341,341,341,345,345,345,345,345,345,345,345,342,342,342,342,342,342,342,320,320,280,280,280,297,297,297,297,297,328,328,297,297,297,297,297,304,304,304,304,304,304,298,298,298,298,298,298,289,289,289,289,346,346,346,346,346,346,346,346,346,346,346,346,346,346,346,346,289,305,305,305
347,347,347,347,347,272,272,272,272,347,347,283,283,348,348,348,348,221,221,221,221,221,221,221,221,310,310,310,310,310,310,310,310,311,311,311,311,311,311,311,311,300,300,300,300,231,231,231,231,231,321,321,321,321,321,321,343,343,315,315,315,315,322,322,322,322,322,334,334,334,334,334,334,334,334,312,312,312,352,352,323,357,357,357,357,357,323,323,367,367,367,367,329,329,329,329,329,335,335,335,335,335,335,335,335,335,335,378,378,378,378,378,358,330,330,336,336,336,336,336,336,336,349,349,349,349,349,327,327,331,331,331,331,331,331,331,350,350,350,350,350,350,350,350,350,344,344,344,344,344,344,344,353,338,338,338,338,332,332,351,351,351,351,325,325,325,325,325,325,325,292,292,292,326,326,326,326,326,326,339,339,339,333,333,333,333,319,319,319,319,340,340,340,340,341,341,345,345,345,345,345,345,345,345,342,342,342,342,342,342,342,320,354,328,280,328,328,328,328,328,328,328,328,328,328,297,297,297,304,304,304,304,355,355,355,355,355,355,355,355,289,289,289,289,289,289,355,355,355,355,355,355,355,355,355,355,355,355,346,346,289,305,305,305
347,347,347,347,347,347,347,347,347,347,347,348,348,348,348,348,348,348,348,348,348,348,348,348,348,310,310,310,310,310,310,310,310,311,311,311,311,300,300,300,300,300,300,300,300,231,231,231,231,231,321,321,321,321,321,321,343,343,315,315,315,315,315,322,322,322,356,356,356,356,356,356,334,334,356,356,352,352,352,352,352,357,357,357,357,357,323,357,357,357,367,367,367,329,329,329,329,335,335,335,335,335,335,335,335,335,378,378,378,378,378,358,358,330,330,336,336,336,336,336,358,358,349,349,349,349,349,349,327,331,331,331,331,331,331,331,350,350,350,350,350,350,350,350,350,350,344,344,359,344,344,353,353,353,338,338,338,332,332,360,360,360,351,325,325,325,325,325,325,325,325,361,361,326,361,326,326,326,326,339,339,339,333,333,333,333,333,319,319,319,340,340,341,341,341,341,341,341,345,365,345,365,365,342,342,354,354,354,342,342,342,342,354,328,328,328,328,328,328,328,328,328,328,328,328,297,297,297,304,304,304,304,355,355,355,355,355,355,355,355,289,289,289,289,289,289,355,355,355,355,355,355,355,355,355,355,355,355,346,346,289,305,305,305
347,347,347,347,347,347,347,347,347,348,348,348,348,348,348,348,348,348,348,348,348,348,348,348,348,348,348,348,348,310,310,310,310,311,311,311,311,300,300,300,300,300,300,300,300,362,362,362,362,362,362,321,321,321,321,343,343,343,315,315,315,315,315,322,363,356,356,356,356,356,356,356,356,356,356,356,352,352,352,352,352,352,352,352,357,357,357,357,357,357,367,367,367,367,329,329,329,329,335,335,335,335,335,335,335,364,378,378,378,378,378,358,358,358,358,358,358,358,358,358,358,358,349,349,349,349,349,327,327,327,331,331,331,331,350,331,350,350,350,350,350,350,350,359,359,359,359,359,359,344,353,353,353,353,338,338,338,332,332,360,360,360,351,351,351,325,325,325,325,325,325,361,361,361,361,326,326,326,339,339,339,333,333,333,333,333,333,319,319,319,319,340,341,341,341,341,341,341,345,365,365,365,365,365,365,354,365,354,354,354,354,354,354,328,328,328,328,328,328,328,328,328,328,328,328,297,304,304,304,304,355,355,355,355,355,355,346,346,355,355,355,355,355,355,355,355,355,355,355,355,355,355,355,355,355,355,355,355,346,346,289,305,305,305
347,347,347,347,347,347,347,347,347,348,348,348,348,348,348,348,348,348,348,348,348,348,348,348,348,348,348,348,348,310,310,310,310,311,311,311,311,300,300,300,300,300,300,300,300,362,362,362,362,362,362,321,321,321,343,343,343,343,363,363,363,363,363,363,363,356,356,356,356,356,356,356,356,356,356,356,352,352,352,352,352,366,352,352,352,357,357,357,357,357,367,367,367,367,367,329,329,329,329,367,335,367,335,335,364,364,378,378,378,378,378,378,358,358,358,358,358,358,358,358,349,349,349,349,349,327,327,327,327,327,331,331,331,350,350,350,350,350,350,350,368,359,359,359,359,359,359,359,359,359,353,353,353,338,338,338,338,332,332,360,360,351,351,351,351,351,351,361,361,361,361,361,361,361,361,369,369,369,339,339,339,339,339,333,333,333,370,370,370,370,370,370,341,341,341,341,341,341,371,371,365,365,365,365,365,365,365,354,354,354,354,354,354,328,328,372,372,328,328,328,328,328,328,328,328,297,304,304,304,304,355,355,355,355,355,355,346,346,346,346,346,346,346,346,346,346,346,346,346,346,346,346,346,346,346,346,346,346,346,346,289,305,305,305
347,347,347,347,347,347,347,347,347,348,348,348,348,348,348,348,348,348,348,422,422,422,422,422,422,348,348,348,348,310,310,373,373,373,373,373,373,300,300,300,300,300,300,300,300,362,362,362,362,362,362,321,321,321,343,343,343,343,343,343,363,363,363,377,377,356,356,356,356,356,356,356,356,356,356,356,374,352,352,366,366,366,352,352,352,357,357,357,357,357,357,367,367,367,367,367,329,329,329,367,367,367,364,364,364,364,378,378,378,378,358,358,358,358,358,358,358,358,382,382,382,349,349,349,349,327,327,327,327,327,331,331,331,350,350,350,368,350,368,368,368,368,368,359,359,359,359,359,359,359,353,353,353,338,338,338,338,332,332,360,360,351,351,351,351,351,351,361,361,361,361,361,361,361,361,369,369,369,339,339,339,339,339,333,333,333,333,370,370,370,370,370,341,341,341,341,341,341,371,371,371,371,365,365,365,365,365,365,354,354,354,354,354,328,328,372,372,372,328,328,328,328,328,328,328,297,297,297,304,304,355,355,375,375,375,375,375,375,375,375,375,375,375,375,376,376,376,376,397,397,397,397,397,397,397,397,346,346,346,346,346,305,305,305
347,347,347,347,347,347,347,347,347,348,348,348,348,348,348,348,348,348,348,422,422,422,422,422,422,348,348,348,348,310,310,373,373,373,373,373,373,300,300,300,300,300,300,300,300,362,362,362,362,362,362,321,321,321,343,343,343,343,343,363,363,363,363,377,377,356,377,374,374,374,374,356,356,356,356,374,374,352,366,366,366,366,366,366,366,357,357,357,390,390,390,367,367,367,367,367,367,367,367,367,367,364,364,364,364,378,378,378,378,378,358,358,378,358,358,358,358,382,382,382,382,349,349,349,349,327,327,327,327,327,331,331,331,331,350,350,368,368,368,368,368,368,359,359,359,359,359,359,359,359,359,353,353,353,360,332,332,332,332,332,360,351,351,351,351,351,351,361,361,361,361,361,361,369,369,369,369,369,369,339,339,339,339,333,333,333,333,333,370,370,370,370,341,341,341,341,341,341,371,371,371,365,365,365,365,365,365,365,354,354,354,354,354,328,372,372,372,372,328,328,328,328,328,328,328,297,297,297,304,304,355,355,375,375,375,375,375,375,375,375,375,375,375,375,376,376,376,376,397,397,397,397,397,397,397,397,346,346,346,346,346,305,305,305
379,347,347,347,347,347,347,347,347,348,348,348,348,348,348,348,348,422,422,422,422,422,422,422,422,373,373,373,373,373,373,373,373,373,373,373,373,362,362,362,362,362,362,362,362,362,362,362,362,321,321,321,321,343,343,343,343,343,363,363,363,363,363,377,377,377,377,374,374,374,374,374,374,374,374,374,374,380,380,366,366,366,366,366,366,366,366,366,390,390,390,390,367,367,367,367,381,381,367,367,367,381,364,364,364,378,378,378,378,378,378,378,378,378,378,358,358,382,382,382,382,349,382,383,327,327,327,327,327,331,331,331,331,350,350,384,368,368,368,368,368,368,359,359,359,359,359,359,359,359,353,353,353,353,360,332,332,332,332,332,360,360,351,351,351,351,361,361,361,361,361,361,361,369,369,369,369,369,385,339,339,339,385,385,333,333,333,333,370,370,370,370,341,341,341,341,341,371,371,371,371,365,365,365,365,365,365,365,386,386,386,354,354,328,372,372,372,372,372,372,372,328,328,328,328,421,355,355,355,355,355,355,375,375,375,375,375,375,375,375,375,375,376,376,376,376,376,376,397,397,397,397,397,397,346,346,346,346,346,346,346,305,305,305
379,379,379,379,379,379,379,379,379,379,379,379,379,379,379,379,379,379,379,379,379,422,422,422,422,373,373,373,373,373,373,373,373,373,373,373,373,362,362,362,362,387,387,387,387,362,362,362,362,321,321,321,321,343,343,343,363,363,363,363,377,377,377,377,377,377,374,374,374,374,374,374,374,374,374,374,374,380,380,366,366,366,366,366,366,366,366,366,366,390,390,390,390,390,367,367,381,381,381,381,381,381,381,364,364,364,364,364,364,364,364,378,378,378,378,378,378,382,382,382,382,382,382,383,383,383,383,383,384,384,384,384,384,384,384,384,384,368,368,368,368,368,359,359,359,359,359,359,353,353,353,353,353,353,360,360,360,360,360,360,360,360,351,351,351,351,361,361,361,361,361,361,361,388,388,369,369,369,385,385,339,339,385,385,333,370,370,370,370,370,370,370,341,341,341,341,396,371,371,371,371,371,371,371,365,365,389,389,389,386,386,354,354,372,372,372,372,372,372,372,372,372,372,372,372,421,355,355,355,355,375,375,375,375,375,375,375,375,375,375,375,375,376,376,376,376,376,376,397,397,397,397,397,397,346,346,346,346,346,346,346,305,305,305
379,379,379,379,379,379,379,379,379,379,379,379,379,379,379,379,379,379,379,379,379,422,422,422,422,373,373,373,373,373,373,373,373,373,373,373,373,362,362,362,362,387,387,387,387,362,362,362,362,321,321,321,321,343,343,408,363,363,363,363,377,377,377,377,377,377,374,374,374,374,374,374,374,374,374,374,374,380,380,380,366,366,366,366,366,366,366,366,366,390,390,390,390,390,367,390,381,381,381,381,381,381,381,391,364,364,364,364,364,364,392,393,393,393,378,378,378,382,382,382,382,382,382,383,383,383,383,383,383,384,384,384,384,384,384,384,384,368,368,368,368,368,368,359,359,359,359,394,353,394,353,353,353,395,395,360,360,360,360,360,360,360,351,351,351,351,361,361,361,361,361,388,388,388,369,369,369,369,385,385,385,385,385,385,333,370,370,370,370,370,370,370,341,341,341,341,396,396,371,396,371,371,371,365,365,365,389,389,389,389,386,354,354,372,372,372,372,372,372,372,372,372,372,372,372,421,375,375,355,355,375,375,375,375,375,375,375,375,375,375,375,375,376,376,376,376,376,376,376,376,397,397,397,397,346,346,346,346,397,397,397,305,305,305
379,379,379,398,398,379,379,379,379,379,379,379,379,379,379,379,379,379,379,379,379,422,422,422,422,373,373,373,373,373,373,373,373,373,373,373,373,362,362,362,362,387,387,387,387,362,362,362,362,362,321,321,321,343,343,408,363,363,363,363,363,377,377,377,377,377,399,399,399,399,400,400,400,400,400,400,380,380,380,380,380,366,366,366,366,366,366,366,390,390,390,390,390,390,390,390,390,390,381,381,381,381,381,391,364,364,364,364,364,364,392,392,393,393,393,393,378,382,382,382,382,401,401,401,383,383,383,383,383,383,384,384,384,384,384,384,384,384,384,413,413,394,394,394,394,394,394,394,394,394,394,395,395,395,395,360,360,360,360,360,360,360,351,351,351,402,402,361,361,361,361,388,388,388,369,369,369,369,385,385,385,403,403,370,370,370,370,370,404,404,404,341,341,341,341,341,396,396,396,396,396,371,371,371,365,389,389,386,386,386,386,354,372,372,372,372,372,372,372,372,372,372,372,372,372,421,375,375,355,355,375,375,375,375,375,375,375,375,375,375,375,375,376,376,376,376,376,376,376,376,397,397,397,397,346,346,346,346,397,397,397,397,305,305
379,379,379,398,398,379,379,379,379,379,379,379,379,379,379,379,379,379,379,379,379,422,422,373,373,373,373,373,373,373,373,373,373,373,373,362,362,362,362,362,362,387,387,387,387,387,387,387,387,387,387,321,321,343,408,408,363,363,363,363,363,399,399,399,399,399,399,399,399,399,400,400,400,400,400,400,380,380,380,380,380,380,380,366,366,366,366,390,390,390,390,390,390,390,390,390,390,390,390,381,381,391,391,391,391,364,364,364,364,364,392,392,392,393,393,393,393,382,382,382,382,401,401,401,383,383,383,383,383,383,384,384,384,384,384,384,384,384,413,413,394,394,394,394,394,394,394,405,405,394,394,394,395,395,395,360,360,360,360,360,406,402,402,402,402,402,402,361,361,361,388,388,388,388,369,385,385,385,385,385,385,403,403,370,370,370,370,370,404,404,404,404,404,341,341,396,396,371,396,396,371,371,371,371,371,389,389,389,386,386,386,354,372,372,372,372,372,372,372,372,372,372,372,372,372,421,375,375,355,355,375,375,375,375,375,375,375,375,375,375,375,375,376,376,376,376,376,376,397,397,397,397,397,397,346,346,346,346,346,346,346,397,397,397
398,398,398,398,398,398,398,379,379,379,379,379,379,379,379,379,379,379,379,379,379,422,422,373,373,373,373,373,373,373,373,373,373,373,373,362,362,362,362,362,362,387,387,387,387,387,387,387,387,387,387,407,407,407,408,408,363,363,363,363,408,399,399,399,399,399,399,399,399,399,400,400,400,400,400,400,400,380,380,380,380,380,380,366,366,366,366,390,390,390,390,409,409,409,390,390,390,381,381,381,381,391,391,391,391,364,392,392,392,392,392,392,392,392,393,393,393,393,410,401,401,401,401,383,383,383,383,383,383,383,383,383,383,384,384,413,413,413,413,413,394,394,394,394,394,405,405,405,405,405,405,395,395,395,395,395,360,360,406,406,406,406,402,402,402,402,402,402,361,361,388,388,388,388,369,385,385,385,385,385,385,403,403,370,370,370,370,370,404,404,404,404,404,404,396,396,396,371,371,371,371,371,371,389,389,389,389,389,386,386,386,411,411,411,411,372,372,372,372,372,372,372,372,372,372,421,375,375,375,375,375,375,375,375,375,375,375,375,375,375,375,375,376,376,376,376,376,376,397,397,397,397,397,397,346,346,346,346,346,346,346,397,397,397
398,398,398,398,398,398,398,379,379,379,379,379,379,379,379,379,379,379,379,379,379,422,422,373,373,373,373,373,373,373,373,373,373,373,373,362,362,362,362,362,362,387,387,387,387,387,387,387,387,387,387,387,407,407,408,408,363,363,408,408,408,399,399,399,399,399,399,399,399,399,400,400,400,400,400,400,380,380,380,380,380,412,380,380,366,366,366,409,409,409,409,409,409,381,381,381,390,381,381,381,391,391,391,391,416,364,392,392,392,392,392,392,392,392,393,410,410,410,410,410,401,401,401,401,401,401,401,401,401,401,401,383,383,383,413,413,413,413,394,394,394,394,394,394,394,405,405,405,405,405,405,395,395,395,395,406,406,406,406,406,406,402,402,402,402,402,402,402,361,361,388,388,388,388,388,385,385,385,385,403,403,403,403,403,370,370,370,370,404,404,404,404,404,404,396,396,396,389,389,389,389,389,389,389,389,389,389,389,386,386,386,411,411,411,411,411,411,372,372,372,372,372,372,372,372,421,375,375,375,375,375,375,375,375,375,375,376,376,376,376,376,376,376,376,376,376,376,376,397,397,397,397,397,397,397,397,346,346,346,346,397,397,397,397
398,398,398,398,398,398,398,379,379,379,379,379,379,379,379,379,379,379,379,379,379,422,422,373,373,373,373,373,373,373,373,373,373,373,373,373,373,362,362,362,362,362,362,387,387,387,387,387,387,387,387,407,407,407,407,408,408,408,408,408,408,399,399,399,399,399,399,399,399,399,400,400,400,400,400,380,380,380,380,380,412,412,412,380,412,366,409,409,409,409,409,409,409,381,381,381,381,381,391,391,391,391,391,416,416,392,392,392,392,392,392,393,393,393,393,410,410,410,410,401,401,401,401,401,401,401,401,401,401,401,401,383,383,383,413,413,413,413,413,394,394,394,413,394,394,394,405,405,405,405,405,405,395,395,395,406,406,406,406,406,406,402,402,402,402,402,402,402,402,388,388,388,388,388,388,385,385,385,385,385,403,403,403,403,403,403,404,404,404,404,404,404,404,396,396,396,396,389,389,389,389,389,389,389,389,389,386,386,386,386,411,411,411,411,411,411,411,372,372,372,372,372,372,372,372,421,375,375,375,375,375,375,375,375,375,375,376,376,376,376,376,376,376,376,376,376,376,376,397,397,397,397,397,397,397,397,346,346,346,346,397,397,397,397
398,398,398,398,398,398,398,398,398,398,398,379,379,379,379,379,379,379,379,422,422,422,422,373,373,373,373,373,373,373,373,373,373,373,373,373,373,362,362,362,362,362,362,387,387,387,387,387,387,407,407,407,407,407,407,408,408,408,408,408,408,408,408,414,414,414,399,399,415,399,400,430,430,430,430,380,380,380,380,380,412,412,412,412,412,409,409,409,409,409,409,409,409,409,409,381,381,381,381,381,391,391,391,416,416,416,416,392,392,416,416,393,393,393,393,410,410,410,410,417,417,424,424,424,401,401,401,401,401,401,401,383,383,383,383,383,383,383,413,413,413,413,413,394,394,405,405,405,405,405,395,395,395,395,395,406,406,406,406,406,406,402,402,402,402,402,402,402,402,388,388,388,388,388,388,385,385,385,385,418,403,403,403,403,403,403,404,404,404,404,404,404,404,404,396,396,396,419,419,419,419,389,389,389,389,386,386,386,420,411,411,411,411,411,411,411,429,429,429,429,372,372,372,372,372,421,421,421,375,375,375,375,375,375,375,375,376,376,376,376,376,376,376,376,421,421,376,376,397,397,397,397,397,397,397,397,397,397,397,397,397,397,397,397
398,398,398,398,398,398,398,398,398,398,398,379,379,379,379,379,379,379,379,422,422,422,422,373,373,422,422,422,422,422,422,422,422,422,422,373,373,373,373,362,362,362,362,362,362,387,387,387,387,387,407,407,407,407,407,407,408,408,408,408,408,408,414,414,414,414,399,399,415,415,430,430,430,430,430,430,430,380,412,412,412,412,412,412,412,409,409,423,423,423,423,409,409,409,381,381,381,381,381,381,391,437,391,416,416,392,392,392,392,416,393,393,393,393,410,410,410,410,410,417,417,424,424,424,401,401,401,401,401,401,401,424,383,383,383,383,383,383,413,394,394,394,394,394,394,405,405,405,405,405,405,395,395,425,425,406,406,406,406,406,425,402,402,402,402,440,440,402,388,388,388,388,388,388,418,385,418,418,418,418,418,403,403,403,403,403,404,404,404,404,404,404,404,404,396,396,419,419,419,419,419,419,389,389,389,386,386,386,420,411,411,411,411,411,411,411,429,429,429,429,429,372,372,372,372,421,421,421,421,421,421,375,375,376,376,376,376,376,376,376,376,376,376,376,376,421,421,397,397,397,397,397,397,397,397,397,397,397,397,397,397,397,397,397
398,398,398,398,398,398,398,398,398,426,426,426,426,379,379,379,379,379,379,422,422,422,422,422,422,422,422,422,422,422,422,422,422,422,422,373,373,373,373,362,362,362,362,362,362,387,387,387,387,387,407,407,407,407,407,407,408,408,408,408,408,414,414,414,414,414,414,414,414,415,430,430,430,430,430,430,380,380,380,412,412,412,412,412,423,409,409,423,423,423,423,409,409,409,381,381,381,391,391,391,391,437,437,416,416,416,416,416,416,416,416,393,410,410,410,410,410,410,410,417,417,424,424,424,401,401,401,401,401,401,424,424,424,383,383,413,413,413,413,394,394,394,394,427,394,405,405,405,405,405,405,395,395,425,425,425,425,406,406,406,425,402,402,402,402,440,440,402,402,388,388,388,388,418,418,418,418,418,418,418,418,403,403,403,403,403,403,403,404,404,404,404,404,404,396,428,428,419,419,419,419,419,389,389,389,389,386,386,420,411,411,411,411,411,411,411,459,459,459,429,429,372,372,429,429,421,421,421,421,421,421,375,375,376,376,376,376,376,376,376,376,376,376,376,376,421,421,397,397,397,397,397,397,397,397,397,397,397,397,397,397,397,397,397
398,398,398,398,398,398,398,398,398,426,426,426,426,379,379,379,379,379,379,422,422,422,422,422,422,422,422,422,422,422,422,422,422,422,422,373,373,373,373,362,362,362,362,362,362,387,387,387,387,387,407,407,407,407,407,407,407,407,408,408,408,414,414,414,414,414,414,414,415,415,430,430,430,430,430,430,380,430,430,412,412,412,412,412,423,409,409,409,423,423,423,409,431,381,381,381,381,391,391,391,391,437,437,416,416,416,416,416,416,416,393,393,410,410,410,410,410,432,417,417,417,417,424,424,424,424,424,424,424,424,424,424,433,383,413,413,413,413,427,427,427,427,427,427,427,427,427,427,405,405,405,395,395,425,425,425,425,425,425,425,425,425,440,402,440,440,402,402,402,388,388,388,388,388,418,418,418,418,418,418,418,403,403,403,403,403,403,404,404,404,404,404,404,404,396,428,428,419,419,419,419,419,419,419,389,389,389,386,420,411,411,411,411,411,411,411,459,459,459,429,429,429,429,429,429,421,421,421,421,421,421,421,421,421,421,421,421,421,421,421,421,421,421,421,421,421,421,453,453,453,453,397,397,397,397,397,397,397,397,397,397,434,434,434
398,426,426,426,426,426,426,398,398,426,426,426,426,426,426,379,379,379,379,467,467,467,467,422,422,435,435,435,435,435,435,422,422,422,422,435,435,435,435,435,435,435,435,387,387,387,387,387,387,387,387,387,387,407,407,407,407,407,408,408,408,414,414,414,414,414,414,414,415,415,430,430,430,430,430,430,430,430,430,412,412,412,412,423,423,423,423,409,423,423,423,431,431,431,431,436,436,436,391,436,436,437,437,416,437,437,437,437,437,393,393,393,410,410,410,410,410,432,417,417,417,417,424,424,424,424,424,433,424,433,433,433,433,438,438,438,413,427,427,427,427,427,427,427,427,427,427,427,405,405,439,395,395,425,425,425,425,425,425,425,425,425,440,402,440,440,402,440,388,388,388,388,388,388,418,418,418,418,418,418,418,418,403,403,403,403,403,404,404,404,404,396,396,404,396,428,428,419,419,419,419,419,419,419,389,389,389,386,420,411,411,411,411,411,411,411,459,459,459,429,429,429,429,429,429,421,421,421,421,421,421,421,421,421,421,421,421,421,421,421,421,421,421,421,421,421,421,453,453,453,453,397,397,397,397,397,397,397,397,397,397,434,434,434
398,426,426,426,426,426,426,398,398,426,426,426,426,426,426,379,379,379,379,467,467,467,467,422,422,435,435,435,435,435,435,422,422,435,435,435,435,435,435,435,435,435,435,387,387,387,387,387,387,387,387,387,387,407,407,407,407,407,407,407,408,408,414,414,414,414,414,415,415,430,430,430,430,430,430,430,430,430,441,412,412,412,412,423,423,423,423,423,423,423,431,431,442,442,442,436,436,436,436,436,436,436,437,437,437,437,437,437,437,393,393,393,432,410,432,432,432,432,417,417,417,433,433,433,433,433,433,433,433,433,433,433,433,438,438,438,438,438,427,427,427,427,427,427,427,443,427,427,427,405,439,395,395,425,425,425,425,425,425,425,425,425,440,440,440,440,440,440,388,388,388,388,388,444,418,418,418,418,418,418,418,418,418,403,403,403,403,404,404,404,404,396,396,396,396,428,428,428,428,428,428,428,419,419,419,419,419,419,420,411,411,411,411,411,411,411,459,459,459,429,429,429,429,429,429,421,421,421,421,421,421,421,421,421,421,421,421,421,421,421,421,421,421,421,421,421,421,453,453,453,453,434,434,434,434,434,434,434,434,434,434,434,434,434
398,426,426,426,426,398,398,398,398,426,426,426,426,426,426,379,379,467,467,467,467,467,467,422,422,435,435,435,435,435,435,435,435,435,435,435,435,435,435,435,435,435,435,387,387,387,387,387,387,387,387,387,407,407,407,407,407,407,407,407,445,408,414,414,414,414,414,414,415,415,430,430,430,430,430,430,430,441,441,412,412,412,423,423,423,449,423,423,423,423,431,431,442,442,442,436,436,436,436,436,436,436,436,436,436,437,437,437,437,393,432,432,432,432,432,432,432,432,417,417,433,433,433,433,433,433,433,433,433,433,433,433,446,438,438,438,438,438,438,427,427,427,427,443,443,443,427,439,439,439,439,395,395,425,425,425,425,425,425,425,425,425,440,440,440,440,440,440,388,388,444,444,444,444,444,418,418,418,418,447,447,447,447,447,447,447,447,447,396,396,396,396,396,396,428,428,428,428,428,428,428,448,419,419,419,419,419,420,420,411,411,411,411,411,411,411,459,459,459,459,459,459,429,429,429,429,421,421,421,421,421,421,421,421,421,421,421,421,453,453,453,453,453,453,453,453,453,453,453,453,434,434,434,434,434,434,434,434,434,434,434,434,434,434
398,426,426,398,398,398,398,398,398,426,426,426,426,426,426,379,379,467,467,467,467,467,467,422,422,435,435,435,435,435,435,435,435,435,435,435,435,435,435,435,435,435,435,387,387,387,387,387,387,387,387,387,407,407,407,407,407,407,407,407,445,445,445,414,414,414,414,414,415,415,415,430,430,430,441,441,441,441,441,412,412,423,423,423,423,449,423,423,423,449,431,431,431,442,442,436,436,436,436,436,436,436,436,436,436,450,450,437,437,437,432,432,432,432,432,432,432,432,417,417,417,417,451,433,433,446,433,433,433,433,446,446,446,438,438,438,438,438,438,427,427,427,427,443,443,443,439,439,439,439,439,395,395,425,425,452,425,425,425,425,425,425,440,440,440,440,440,440,444,444,444,444,444,444,444,418,418,418,418,418,447,447,447,447,447,447,447,447,465,465,396,396,396,428,428,428,428,428,428,428,428,448,448,419,419,419,419,420,420,411,411,411,411,411,411,459,459,459,459,459,459,459,429,429,429,429,429,429,429,429,429,421,421,421,421,421,421,453,453,453,453,453,453,453,453,453,453,453,453,453,453,434,434,434,434,434,434,453,453,434,434,434,434,434
398,426,426,398,398,398,398,398,398,426,426,426,426,426,426,426,426,454,454,467,467,467,467,467,467,435,435,435,435,435,435,435,435,435,435,435,435,435,435,435,435,435,435,387,387,387,387,387,387,407,407,407,407,407,445,445,445,445,445,445,445,445,445,445,445,445,414,415,415,415,415,430,430,430,430,441,441,441,441,441,441,441,441,423,423,449,449,449,449,449,431,431,431,442,442,442,436,436,436,455,455,455,455,455,436,450,450,437,437,437,432,432,432,432,432,432,432,417,417,417,417,417,451,433,433,446,433,433,433,446,446,446,446,456,438,438,438,438,438,438,427,427,443,443,443,443,443,439,439,439,439,439,439,425,425,452,452,452,425,425,425,473,473,440,440,440,440,440,444,444,444,444,444,444,457,418,418,418,418,418,418,418,418,418,447,447,447,465,465,465,396,396,396,396,428,428,428,428,428,428,428,448,448,448,419,419,420,420,420,411,411,411,411,411,411,459,459,459,459,459,459,459,459,459,429,429,429,429,429,429,429,429,421,421,421,421,453,453,453,453,453,453,453,453,453,453,453,453,434,434,453,453,434,434,453,453,453,453,434,434,434,434,434,434
398,426,426,426,426,426,426,398,398,426,426,426,426,426,426,426,426,454,454,467,467,467,467,467,467,435,435,435,435,435,435,435,435,435,435,435,435,530,530,530,530,387,387,387,387,387,387,387,387,407,407,445,407,407,445,445,445,445,445,445,445,445,445,445,445,445,445,445,445,415,415,415,415,415,441,441,441,441,441,441,441,441,441,458,449,449,449,449,449,449,431,431,431,431,442,442,442,442,455,455,455,455,455,455,450,450,450,437,437,437,432,432,432,432,432,432,432,417,417,417,417,417,451,451,446,446,446,446,446,446,456,446,456,456,456,438,438,438,438,427,427,427,443,443,443,443,443,439,439,439,439,439,439,452,452,452,452,452,452,425,425,473,473,473,440,457,444,444,444,444,444,444,444,444,457,418,418,418,418,474,418,447,447,447,447,447,447,465,465,465,396,396,396,396,428,428,428,428,428,428,448,448,448,420,420,420,420,420,420,411,411,411,411,411,411,411,459,459,459,459,459,459,459,459,429,429,429,429,429,429,429,429,459,459,421,421,453,453,453,453,459,459,453,453,453,453,453,453,434,434,453,453,453,453,453,453,453,453,434,434,434,434,434,434
398,460,460,460,460,426,426,398,398,426,426,426,426,426,426,454,454,454,454,467,467,467,467,467,467,435,435,435,435,435,435,435,435,435,435,435,435,530,530,530,530,387,387,387,387,387,387,407,407,407,407,445,445,445,445,445,445,445,445,445,445,445,445,445,445,445,445,445,445,445,445,415,415,415,415,441,441,441,441,441,441,458,458,458,449,449,449,449,449,449,431,431,431,431,442,442,442,455,455,455,455,455,455,455,455,450,450,437,437,437,437,461,461,461,461,461,461,461,461,417,417,417,451,451,446,446,446,446,446,446,456,456,456,456,456,438,438,438,438,427,443,443,443,468,468,468,443,443,439,439,439,439,452,452,452,452,452,452,452,452,425,473,473,457,457,457,444,444,444,444,444,444,444,457,457,418,418,418,474,474,474,474,447,447,447,447,447,465,465,465,465,396,396,428,428,428,428,428,428,428,448,448,448,420,420,420,420,420,420,411,411,411,411,411,411,411,459,459,459,459,459,459,429,429,429,429,429,429,429,429,429,429,459,459,459,459,459,459,459,459,459,459,453,453,453,453,453,453,434,434,453,453,453,453,453,453,453,453,453,453,434,434,434,462
460,460,460,460,460,426,426,398,398,426,426,426,426,454,454,454,454,454,454,454,454,467,467,467,467,435,435,435,435,435,435,435,435,435,435,530,530,530,530,530,530,530,530,530,530,387,387,407,407,463,463,463,463,463,445,445,445,445,463,463,463,463,463,463,463,463,463,463,463,463,463,415,464,464,415,464,464,464,441,458,458,458,458,458,458,449,449,449,449,449,431,431,431,431,442,442,442,442,442,455,455,455,450,450,450,450,450,437,437,461,461,461,461,461,461,461,461,461,461,417,417,417,451,451,446,446,446,456,456,456,456,456,456,456,456,456,438,438,438,443,443,443,443,468,468,439,439,439,439,439,439,439,452,452,452,452,452,452,452,452,473,473,473,457,473,457,444,457,444,444,444,444,457,457,457,457,418,418,474,474,474,474,474,447,474,465,465,465,465,465,465,465,396,396,465,466,466,428,428,428,448,448,448,448,420,420,420,420,420,411,411,411,411,411,411,411,459,459,459,459,459,459,429,429,429,429,429,429,429,429,429,429,459,459,459,459,459,459,459,459,459,459,453,453,492,492,492,492,434,434,453,453,453,453,453,453,453,453,453,453,434,434,434,462
460,460,460,460,460,426,426,398,398,426,426,426,426,454,454,454,454,454,454,454,454,467,467,467,467,435,435,435,435,467,467,435,435,435,435,530,530,530,530,530,530,530,530,530,530,387,387,407,407,463,463,463,463,463,445,445,445,445,445,445,463,463,463,463,463,463,463,463,463,463,463,415,464,464,464,464,464,464,464,458,458,458,458,449,449,449,449,449,431,431,431,431,431,442,442,442,442,455,455,455,455,450,450,450,450,450,437,437,437,461,461,461,461,461,461,461,461,461,461,451,451,451,451,451,451,446,446,456,456,456,456,456,456,438,438,438,438,438,438,443,443,468,468,468,468,439,468,468,439,439,439,439,452,452,452,452,452,452,452,452,473,473,473,457,473,457,457,457,444,444,444,444,457,457,457,457,418,418,474,474,474,474,474,474,474,465,465,465,465,465,465,465,465,465,465,466,428,428,448,448,448,448,448,448,420,420,420,420,420,411,411,411,411,411,411,411,459,459,459,459,459,459,429,429,429,429,429,429,429,429,429,429,459,459,459,459,469,469,469,469,459,459,453,453,492,492,492,492,434,434,453,453,453,453,453,453,453,453,453,453,434,434,434,462
460,460,460,460,460,426,426,398,398,426,426,426,426,426,426,454,454,454,454,454,454,467,467,467,467,435,435,435,435,467,467,467,467,435,435,435,435,530,530,530,530,530,530,387,387,387,387,407,407,463,463,463,463,463,463,445,445,445,445,445,463,463,463,463,463,463,463,463,463,463,415,415,464,464,464,464,464,464,464,458,458,458,458,458,458,458,458,458,431,431,442,442,442,442,455,455,455,455,455,455,455,450,450,450,450,450,437,437,461,461,461,461,461,470,470,461,461,461,451,451,451,451,451,451,451,446,446,456,456,456,456,456,456,456,471,438,438,438,438,438,443,468,468,468,468,439,468,468,468,439,439,439,452,452,452,452,452,472,452,473,473,473,473,473,473,457,473,457,457,457,457,457,457,457,457,457,457,418,474,474,474,474,474,474,474,465,474,465,465,465,465,465,465,465,465,466,466,466,466,448,448,448,448,448,448,448,448,448,420,411,411,411,411,411,411,411,459,459,459,459,459,459,429,429,429,429,429,429,429,429,429,429,459,459,459,459,469,469,469,469,469,469,453,453,453,453,492,492,434,434,434,434,434,434,453,453,453,453,453,453,434,434,434,462
460,460,460,460,460,426,426,398,398,426,426,426,426,426,426,454,454,454,454,454,454,467,467,467,467,467,467,467,467,467,467,467,467,435,435,435,435,530,530,530,530,530,530,387,387,387,387,407,407,463,463,463,463,463,463,445,445,445,445,445,463,463,475,475,475,475,475,463,463,415,415,464,464,464,464,464,464,464,464,464,458,458,458,458,458,458,458,458,431,442,442,442,442,442,455,455,455,455,455,455,450,450,476,450,450,450,437,437,461,461,461,461,461,470,470,470,461,461,451,451,451,484,484,451,451,451,446,456,456,456,456,456,456,471,471,438,438,438,477,477,477,468,468,468,468,468,468,468,468,468,452,452,452,452,452,472,472,472,472,473,473,473,473,473,473,473,473,457,457,457,457,457,457,457,457,478,478,478,474,474,474,474,474,474,474,474,474,465,465,465,465,465,465,466,465,466,466,466,466,466,448,448,448,448,448,448,448,448,479,479,411,411,411,411,411,480,480,480,480,480,480,459,459,459,459,429,429,429,429,429,429,459,459,469,469,469,469,469,469,469,469,469,469,469,469,453,453,492,492,492,492,434,434,434,434,453,453,434,434,434,434,434,434,462
460,460,460,460,460,426,426,426,426,426,426,426,426,426,426,454,454,454,454,454,454,454,454,481,481,481,481,481,481,467,467,467,467,435,435,435,435,530,530,530,530,530,530,387,387,407,407,407,463,463,463,463,445,445,445,445,445,445,445,445,463,463,475,475,475,475,415,415,415,415,464,464,464,464,464,464,464,464,464,482,458,458,458,458,458,482,458,458,431,431,442,442,442,442,442,483,455,455,455,476,476,476,476,450,450,461,461,461,461,461,461,461,461,470,470,470,470,470,470,451,484,484,484,451,451,451,446,484,456,456,456,456,471,471,471,471,477,477,477,477,477,468,468,468,468,468,468,468,468,468,452,452,452,452,452,472,472,472,472,472,472,472,472,473,473,473,473,457,457,457,457,457,457,457,457,478,478,478,474,485,485,485,474,474,474,474,474,465,465,465,465,465,465,466,466,466,466,466,466,466,486,486,486,448,448,448,448,448,479,479,411,411,411,411,411,480,480,480,480,480,480,480,459,459,459,459,459,459,459,459,459,459,469,469,469,469,469,469,469,469,469,469,469,469,469,469,469,469,492,492,492,492,492,492,434,434,434,434,434,434,434,434,434,462
460,460,460,460,460,460,460,426,426,426,426,426,426,426,426,454,454,454,454,454,454,454,454,481,481,481,481,481,481,467,467,467,467,467,467,467,467,530,530,530,530,530,530,387,387,407,407,407,463,463,463,463,445,445,445,445,445,445,445,463,463,475,475,475,475,475,415,415,415,415,464,464,487,464,464,464,464,464,464,482,482,482,458,458,458,482,482,458,431,431,442,442,442,483,483,483,455,476,455,476,476,476,476,476,450,461,461,461,461,461,461,461,461,470,470,470,470,470,484,484,484,484,484,451,484,451,484,484,456,456,456,456,471,471,471,471,471,477,477,477,477,488,488,468,468,468,468,468,468,489,452,452,452,452,472,472,472,472,472,472,472,472,472,472,490,490,473,473,457,457,490,457,457,457,478,478,478,478,478,485,485,485,485,474,474,474,474,465,465,465,466,466,466,466,466,466,466,466,466,466,486,486,486,448,448,448,448,479,479,479,479,479,479,479,480,480,480,480,480,480,480,480,480,480,480,459,459,491,491,459,459,459,459,459,459,469,469,469,469,497,497,497,497,497,497,469,469,469,469,492,492,492,492,492,492,434,434,492,492,492,492,434,434,462
460,460,460,460,460,460,460,426,426,426,426,426,426,426,426,454,454,481,481,481,481,481,481,481,481,481,481,467,467,467,467,493,493,467,467,467,467,530,530,530,530,530,530,407,407,407,407,407,463,463,463,463,463,463,463,463,463,463,463,463,463,475,475,475,475,475,415,415,415,415,487,487,487,487,487,482,482,482,482,482,482,482,482,482,482,482,482,482,482,431,442,442,442,483,483,483,483,476,476,476,476,476,476,476,461,461,494,461,461,461,461,461,470,470,470,470,470,470,484,484,484,484,484,484,484,484,484,484,456,456,471,471,471,471,471,471,471,477,477,477,477,488,488,488,488,488,468,468,468,489,452,452,452,452,472,472,472,472,472,472,472,472,472,472,490,490,490,473,490,490,490,490,490,490,478,478,478,478,478,485,485,485,485,495,495,495,495,495,495,495,496,496,496,466,466,466,466,466,466,466,486,486,486,448,448,448,479,479,479,479,479,479,479,479,480,480,480,480,480,480,480,480,480,480,480,491,491,491,491,491,491,491,491,491,491,469,469,469,469,497,497,497,497,497,497,469,469,469,469,497,497,497,497,492,492,492,492,492,492,492,492,492,492,462
460,460,460,460,460,460,460,426,426,426,426,426,426,454,454,454,454,481,481,481,481,481,481,481,481,481,481,467,467,493,493,493,493,467,467,467,467,530,530,530,530,530,530,407,407,407,407,463,463,463,463,463,463,463,463,475,475,463,463,475,475,475,475,475,415,415,415,487,487,487,487,487,487,487,482,482,482,482,482,482,482,482,482,482,482,498,482,482,482,442,442,442,442,442,483,483,483,476,476,476,476,476,476,476,461,461,494,494,461,461,461,461,470,470,470,470,470,484,484,499,499,499,499,484,499,499,499,484,456,471,471,471,471,471,471,471,471,477,477,477,477,488,488,488,488,468,468,468,489,489,452,452,452,452,472,472,472,472,472,472,472,472,472,472,490,490,490,490,490,490,490,490,490,490,478,478,478,478,478,485,485,495,495,495,495,495,495,495,495,495,496,496,496,466,466,466,466,486,486,486,486,486,486,448,448,448,479,479,479,479,479,479,479,479,479,480,480,480,480,480,480,480,480,480,480,491,491,491,491,491,491,491,491,491,491,491,469,469,469,469,497,497,497,497,469,469,497,497,497,497,497,497,497,497,492,492,492,492,492,492,492,492,492,462
460,460,460,460,460,460,460,426,426,426,426,426,426,454,454,481,481,481,481,481,481,481,481,481,481,481,481,481,481,493,493,493,493,467,467,467,467,530,530,530,530,530,530,530,530,407,407,463,463,463,463,475,475,475,475,475,475,475,475,475,475,475,475,415,415,500,500,487,487,487,487,487,487,487,482,482,482,482,482,482,482,482,482,482,482,498,498,498,498,498,442,442,442,442,483,483,483,483,476,476,476,476,494,476,494,494,494,494,494,494,461,461,461,470,470,470,484,484,499,499,499,499,499,499,499,499,484,484,502,502,502,471,471,471,471,471,477,477,477,477,477,488,488,488,488,488,468,489,489,489,452,452,452,452,452,472,472,472,472,472,472,472,472,472,490,490,490,490,490,490,490,490,490,490,478,478,478,478,478,485,485,485,495,495,495,495,495,495,495,495,496,496,496,466,466,466,486,486,486,486,486,486,486,486,486,479,479,479,479,479,479,479,479,479,479,479,479,479,479,479,480,480,480,480,480,491,491,491,491,491,491,491,491,491,491,491,469,469,469,469,497,497,497,497,497,497,497,497,497,497,497,497,497,497,492,492,492,492,492,492,492,492,492,462
460,460,460,460,460,460,460,426,426,426,426,426,426,454,454,481,481,481,481,481,481,481,481,481,481,481,481,481,481,493,493,493,493,493,493,493,493,493,493,530,530,530,530,530,530,407,407,407,463,463,463,475,475,475,475,475,475,475,475,475,475,475,475,415,415,500,500,500,487,487,487,487,487,487,482,482,482,482,482,482,482,482,482,482,498,498,498,498,498,498,498,498,498,498,498,498,483,483,483,483,476,476,494,494,494,494,494,494,494,494,501,501,461,501,501,501,499,499,499,499,499,499,499,499,499,499,484,484,502,502,502,502,502,502,502,502,502,477,502,502,477,488,488,488,488,488,468,468,489,489,452,452,452,452,452,472,472,472,472,472,472,503,503,503,503,490,490,490,490,490,490,490,490,490,478,478,478,478,478,485,504,485,485,495,495,495,495,495,495,495,496,496,496,466,466,466,466,466,466,486,486,505,505,479,479,479,479,479,479,479,479,479,479,479,479,479,479,479,479,479,479,479,479,480,480,491,491,491,491,491,491,491,491,491,469,469,469,469,469,469,497,497,497,497,497,497,497,497,497,497,497,497,497,497,492,492,492,492,492,492,462,462,462,462
460,460,460,460,460,460,460,460,460,426,426,426,426,454,454,481,481,481,481,481,481,481,481,481,481,481,481,506,506,493,493,493,493,493,493,493,493,493,493,530,530,530,530,530,531,531,531,407,463,463,463,475,475,475,475,475,475,475,475,475,475,475,500,415,415,500,500,500,487,487,487,487,487,487,487,482,482,482,482,482,507,507,507,507,507,498,498,508,508,508,498,498,498,498,498,498,483,483,483,476,476,476,494,494,494,494,494,494,494,494,501,501,501,501,501,501,499,499,499,509,509,509,509,499,499,499,484,484,502,502,502,502,502,502,502,502,502,477,502,510,510,510,488,488,488,488,488,489,489,489,489,452,452,452,452,472,472,472,472,503,503,503,503,503,503,490,490,490,490,490,490,490,490,490,478,478,478,478,478,485,504,485,485,495,495,495,495,495,496,496,496,496,496,466,466,466,466,466,466,486,505,505,479,479,479,479,479,479,479,479,479,479,479,479,479,479,479,479,479,479,479,479,479,480,480,491,491,491,491,491,491,491,491,491,469,469,469,469,469,469,497,497,497,497,497,497,497,497,497,497,497,497,497,497,492,492,492,492,492,492,462,462,462,462
460,460,460,460,460,460,460,460,460,454,454,454,454,454,454,481,481,481,481,481,481,481,481,481,481,481,481,506,506,506,506,493,493,493,493,493,493,493,493,530,530,531,531,531,531,531,531,407,407,463,463,475,475,475,475,475,475,475,475,475,475,500,500,415,500,500,500,500,500,487,487,487,487,487,487,482,482,482,507,507,507,507,507,507,507,507,507,508,508,508,498,498,498,498,498,498,483,483,483,501,501,501,494,494,494,494,494,501,501,501,501,501,501,501,499,499,499,499,509,509,509,509,509,499,499,499,484,484,484,484,502,502,502,502,502,502,502,502,502,510,510,510,488,488,488,488,488,489,489,489,489,489,489,489,489,503,472,503,503,503,503,503,503,503,503,490,490,490,490,490,478,478,478,478,478,478,478,504,504,504,504,504,485,485,485,495,495,495,496,496,496,496,496,511,511,511,511,505,505,486,486,505,479,479,479,479,479,479,479,479,479,479,479,479,479,479,479,479,479,480,480,480,480,480,480,491,491,491,491,491,491,491,491,491,491,491,491,469,469,497,497,497,497,497,497,497,497,497,497,497,497,497,497,497,497,492,492,492,492,492,492,462,462,462
460,460,460,460,460,460,460,454,454,454,454,454,454,454,454,481,481,481,481,481,481,481,481,481,481,481,481,506,506,506,506,493,493,493,493,493,493,493,493,530,530,531,531,531,531,531,531,531,531,463,463,475,475,475,475,475,475,475,475,475,475,500,500,500,500,500,500,500,487,487,487,487,487,487,512,512,482,482,507,507,507,507,507,507,507,507,507,508,508,508,524,524,498,524,498,483,483,483,483,501,501,501,501,501,501,501,501,501,501,501,501,509,509,509,509,499,499,509,509,509,509,509,509,499,499,499,484,484,484,484,519,502,502,502,502,502,502,502,502,510,510,488,488,488,488,488,513,489,489,489,489,489,489,489,503,503,503,503,503,503,503,503,503,503,490,490,490,490,490,490,478,514,478,514,515,515,478,504,504,504,504,504,504,485,485,485,495,496,496,496,496,496,511,511,511,511,511,505,505,486,505,505,527,527,527,479,479,479,479,479,479,479,480,480,480,479,480,480,480,480,480,480,480,480,491,491,491,491,491,491,491,491,491,491,491,491,497,497,497,497,497,497,497,497,497,497,497,497,497,497,497,497,497,497,497,497,492,492,492,492,516,516,462,462
460,460,460,460,460,460,460,454,454,454,454,454,454,454,454,481,481,481,481,481,481,481,481,481,481,481,481,506,506,506,506,506,506,506,506,493,493,493,493,530,530,531,531,531,531,531,531,531,531,463,463,475,475,475,475,475,475,475,475,475,500,500,500,500,517,500,500,500,500,487,487,487,487,512,512,512,512,507,507,507,507,507,507,507,507,507,507,508,508,508,524,524,524,524,498,483,483,483,483,483,483,483,483,501,501,501,518,518,518,518,518,509,509,509,509,499,499,509,509,509,509,509,509,499,499,499,499,499,484,484,519,502,502,502,502,519,519,502,502,510,510,510,488,488,488,488,513,489,489,489,489,489,489,489,489,503,503,503,503,503,503,503,520,490,490,521,521,521,521,521,514,514,514,514,515,515,478,478,478,504,504,504,504,485,485,485,485,485,485,496,496,496,511,511,511,511,511,511,505,505,505,527,527,527,527,527,527,527,527,527,527,527,480,480,480,480,480,480,480,480,480,480,480,491,491,491,491,491,491,491,491,497,497,497,497,497,497,497,497,522,522,522,522,497,497,522,522,522,522,516,516,516,516,497,497,497,497,516,516,516,516,516,462,462
460,460,460,460,460,460,460,454,454,454,454,454,454,481,481,481,481,481,481,481,481,481,481,481,481,481,481,506,506,506,506,506,506,506,506,506,506,493,493,530,530,531,531,531,531,531,531,531,531,531,475,475,475,475,475,475,475,475,475,523,500,500,500,500,517,517,517,517,487,487,487,487,487,512,512,512,512,512,507,507,507,507,508,508,508,508,508,508,508,508,524,524,483,483,483,483,524,524,524,524,483,501,501,501,501,518,518,518,518,518,518,509,509,509,509,499,499,509,509,509,525,525,525,499,499,499,499,499,526,526,519,502,502,519,519,519,502,502,510,510,510,510,488,488,488,488,513,489,489,489,489,489,489,489,503,503,503,503,503,520,520,520,520,521,521,521,521,521,521,521,514,514,514,514,515,515,515,515,515,504,504,504,504,485,485,485,485,485,485,496,496,511,511,511,511,511,511,505,505,505,505,532,527,532,532,532,527,527,527,527,527,527,480,480,527,527,527,527,527,527,480,480,491,491,491,491,491,491,491,491,491,491,497,497,497,497,528,528,522,522,522,522,522,522,522,522,522,522,522,522,516,516,516,516,516,516,516,516,516,516,516,516,462,462
460,460,460,460,460,460,460,454,454,454,454,454,454,481,481,481,481,481,481,481,481,529,529,529,529,481,481,506,506,506,506,506,506,506,506,506,506,493,493,493,530,531,531,531,531,531,531,530,530,531,475,475,531,531,531,531,531,523,523,523,517,517,517,500,517,517,517,517,517,487,487,487,487,487,512,512,512,512,512,507,507,507,508,508,508,508,508,508,508,508,524,524,524,524,524,524,524,524,483,483,483,483,483,501,518,518,518,518,518,518,518,518,509,509,509,499,499,509,509,509,525,525,525,525,525,525,526,526,526,526,519,502,502,519,519,502,502,502,510,510,510,510,488,488,488,488,513,489,489,489,489,489,489,520,520,520,520,520,520,520,520,521,521,521,521,521,521,521,521,514,514,514,514,514,515,515,515,515,515,504,504,504,504,504,504,485,485,496,496,496,496,511,511,511,511,511,511,511,505,505,505,532,532,532,532,532,527,532,527,527,527,527,527,527,527,527,527,527,527,527,480,480,491,491,491,491,491,491,491,491,491,491,528,528,528,528,528,528,522,522,522,522,522,522,522,522,522,522,522,522,516,516,516,516,516,516,516,516,516,516,516,462,462,462
460,460,460,460,460,460,460,454,454,454,454,454,454,454,454,481,481,481,481,481,481,481,481,529,529,481,481,506,506,506,506,506,506,506,506,506,506,506,506,493,530,530,530,530,530,530,530,530,530,531,531,531,531,531,531,531,531,523,523,523,523,517,517,517,517,517,517,517,517,487,487,487,487,487,512,512,512,512,512,512,533,533,533,533,533,533,533,533,533,508,508,524,524,524,524,524,524,524,524,534,534,483,518,518,518,518,518,518,518,518,518,554,509,509,509,509,509,509,509,525,525,525,525,525,525,525,526,526,526,526,519,519,519,519,510,510,510,510,510,510,510,510,488,488,488,488,513,513,513,513,520,520,520,520,520,520,520,520,520,520,521,521,521,521,521,521,521,521,521,514,514,514,514,514,514,515,515,515,515,515,504,504,504,504,504,485,496,496,496,496,511,511,511,511,511,511,511,511,511,505,505,532,532,532,532,532,532,532,527,527,527,527,527,527,527,527,527,527,527,527,480,480,528,528,491,491,491,491,528,528,528,528,528,528,528,528,528,528,522,522,522,522,522,522,522,522,522,522,522,522,516,516,516,516,516,516,516,516,516,516,516,462,462,462
460,460,460,460,460,460,460,454,454,454,454,454,454,454,454,481,481,481,481,481,481,481,481,529,529,506,506,506,506,506,506,506,506,506,506,506,506,506,506,493,493,493,493,493,493,493,493,530,530,531,531,531,531,531,531,531,523,523,523,523,523,517,517,517,517,517,517,517,517,517,517,517,517,517,512,512,512,512,512,512,533,533,533,533,533,533,533,533,508,508,508,524,524,524,524,524,524,524,534,534,534,483,483,518,518,518,518,535,535,518,554,554,509,509,509,509,509,509,509,536,536,536,525,525,525,525,526,526,526,526,519,519,519,519,537,537,510,510,510,510,510,510,488,488,488,488,538,513,513,513,513,520,520,520,520,520,520,520,520,520,521,521,521,521,521,521,521,521,521,514,539,514,514,514,540,515,515,515,515,515,515,515,504,504,485,485,541,541,541,541,541,541,541,511,511,511,511,511,511,511,505,532,532,532,532,532,532,532,527,527,527,527,527,527,527,527,527,527,527,527,480,480,528,528,491,491,491,491,528,528,528,528,528,528,528,528,528,528,528,528,522,522,522,522,522,522,522,522,522,522,516,516,516,516,516,516,516,516,516,516,516,462,462,462
460,542,542,542,542,460,460,454,454,454,454,454,454,454,454,481,481,481,481,481,481,481,481,529,529,506,506,506,506,506,506,506,506,506,506,493,493,493,493,493,493,493,493,493,493,493,493,493,530,531,531,531,531,531,531,523,523,523,523,523,523,517,517,517,517,517,517,517,517,517,517,517,512,512,512,512,512,512,512,512,533,533,533,533,533,533,508,508,508,508,508,508,508,543,524,524,524,524,534,534,534,534,483,518,518,518,518,535,535,544,544,554,554,554,509,509,509,536,536,536,536,536,525,525,525,525,525,526,526,526,519,519,519,519,519,537,537,537,537,537,537,510,510,510,510,488,538,513,513,513,513,520,520,520,520,520,520,520,520,520,521,521,521,521,521,521,521,521,521,539,539,514,514,540,540,540,540,515,515,515,515,515,545,485,485,541,541,541,541,541,541,541,541,546,511,511,511,511,505,505,505,532,629,532,532,532,532,532,532,527,527,527,527,527,527,527,527,527,559,559,480,480,528,528,491,491,491,491,528,528,528,528,528,528,528,528,528,528,528,528,522,522,522,522,522,522,522,522,522,522,516,516,516,516,516,516,516,516,516,516,462,462,462,462
460,542,542,542,542,460,460,454,454,454,454,454,454,529,529,529,529,481,481,529,529,529,529,529,529,506,506,506,506,506,506,506,506,506,506,493,493,493,493,493,493,493,493,493,493,493,493,493,530,531,531,531,531,531,523,523,523,523,523,523,523,523,517,517,517,517,517,517,517,517,547,547,547,547,512,512,512,512,512,512,512,533,548,548,548,533,533,533,548,548,548,543,543,543,543,543,524,524,534,534,534,534,534,518,518,518,518,535,535,544,544,554,554,554,554,554,536,536,536,536,536,536,525,525,525,525,526,526,526,526,526,519,519,537,537,537,537,537,537,537,537,510,510,510,510,538,538,513,513,513,513,549,520,520,520,520,520,520,520,549,549,549,549,579,579,579,521,521,521,539,539,514,514,540,540,540,540,515,515,515,515,515,545,545,541,541,541,541,541,541,541,546,546,546,546,511,511,511,505,505,505,629,629,532,532,532,532,532,532,532,532,532,527,527,527,527,527,527,559,559,480,480,528,528,528,528,528,528,528,528,528,528,528,528,528,528,528,528,528,528,522,522,522,522,522,522,522,522,516,516,516,516,516,516,516,516,516,516,516,516,462,462,462,462
542,542,542,542,542,460,460,460,460,454,454,454,454,529,529,529,529,529,529,529,529,529,529,529,529,506,506,550,550,506,506,506,506,506,506,493,493,493,493,493,493,493,493,493,493,493,493,493,530,531,531,531,531,531,523,523,551,523,523,523,523,523,523,552,552,517,517,517,547,517,547,547,547,547,512,512,512,512,512,512,512,512,548,548,548,548,548,548,548,548,548,543,543,543,543,543,524,524,553,553,553,534,534,534,534,535,535,535,544,544,544,554,554,554,554,554,536,554,536,536,536,525,525,525,525,525,526,526,526,526,519,519,519,537,537,537,537,537,537,537,537,538,510,510,538,538,513,513,513,513,513,549,549,520,520,520,520,520,549,549,549,549,579,579,579,579,579,579,539,539,539,539,514,540,540,540,540,540,515,515,515,515,545,545,545,541,541,541,555,555,555,546,546,546,546,511,511,511,505,505,505,629,629,532,532,532,532,532,532,532,532,532,532,532,527,527,527,527,559,559,480,480,480,480,480,480,528,528,528,528,528,528,528,528,528,528,528,528,528,528,522,522,522,522,522,522,522,522,516,516,516,516,516,516,516,516,516,516,516,516,462,462,462,462
542,542,542,542,542,542,542,460,460,454,454,454,454,529,529,529,529,529,529,529,529,529,529,529,529,506,506,550,550,506,506,506,506,506,506,493,493,556,556,493,493,493,493,493,530,530,493,493,530,531,531,531,531,531,523,523,551,523,523,523,523,523,552,552,552,552,517,517,547,547,547,547,547,547,512,512,512,512,512,512,512,512,548,548,548,548,548,548,548,548,548,543,543,543,553,524,524,524,553,553,534,534,535,535,535,535,535,535,544,544,544,554,554,554,554,554,536,554,554,536,536,525,525,525,525,525,526,526,526,519,519,519,519,537,537,537,537,537,537,537,538,538,538,538,538,538,513,513,513,513,513,549,549,520,520,520,520,520,549,549,549,579,579,579,579,579,539,539,539,539,539,539,514,514,540,540,540,515,515,515,515,545,545,545,545,541,541,555,555,555,555,555,555,555,546,546,546,546,546,505,505,629,629,532,532,532,532,532,532,532,532,532,532,532,557,557,557,557,559,559,480,480,480,480,480,480,528,528,528,528,528,528,528,528,528,528,528,528,599,599,599,599,599,599,522,522,522,522,516,516,516,516,516,516,516,516,516,516,516,516,462,462,462,462
542,542,542,542,542,542,542,460,460,454,454,454,454,529,529,529,529,529,529,529,529,529,529,529,529,506,506,550,550,506,506,506,506,493,493,493,493,556,556,556,556,493,493,530,530,530,530,530,530,531,531,531,531,531,551,551,551,523,523,523,523,523,552,552,552,552,517,517,547,547,547,547,558,547,558,558,558,512,512,512,512,512,548,548,548,548,548,548,548,543,543,543,543,543,553,553,553,553,553,553,534,534,534,535,535,535,535,535,544,544,544,554,554,554,554,554,554,554,554,554,536,536,536,525,525,525,526,526,526,526,526,519,519,519,537,537,537,537,537,538,538,538,538,538,538,538,513,513,513,513,513,549,549,549,520,549,549,549,549,549,549,579,579,579,579,579,539,539,539,539,539,539,540,540,540,540,540,515,545,545,545,545,545,545,545,555,541,541,555,555,555,555,555,587,546,587,587,546,546,505,505,629,629,532,532,532,532,532,532,532,532,532,532,532,557,557,557,557,559,559,480,480,480,480,559,559,559,559,559,559,528,528,528,528,528,528,528,528,599,599,599,599,599,599,522,522,522,522,516,516,516,516,516,516,516,516,516,516,560,560,560,462,462,462
542,542,542,542,542,542,542,460,460,454,454,454,454,529,529,529,529,529,529,529,529,529,529,529,529,529,529,550,550,506,506,506,506,556,556,556,556,556,556,556,556,493,493,530,530,530,530,530,530,531,531,531,531,551,551,551,551,523,523,523,523,523,552,552,552,552,552,552,547,547,547,558,558,558,558,558,558,512,561,561,561,561,561,561,562,562,548,548,548,543,543,543,543,543,553,553,553,553,553,553,534,534,534,535,535,535,544,544,544,544,544,554,563,563,554,554,554,554,554,536,536,536,536,536,525,525,526,526,526,526,519,519,519,519,537,537,537,537,564,564,538,564,538,538,538,538,513,513,513,513,513,549,549,549,549,549,549,549,549,549,549,549,565,565,579,579,579,539,539,539,539,539,540,540,540,540,540,570,545,545,545,545,545,545,545,555,555,555,555,555,555,555,587,587,587,587,587,546,505,505,566,629,629,532,532,532,532,532,532,532,532,532,532,532,557,557,557,557,559,559,480,480,480,480,559,559,559,559,559,559,528,528,528,528,528,528,528,528,599,599,599,599,599,599,522,522,522,522,567,567,516,516,516,516,516,516,516,516,560,560,560,462,462,462
542,542,542,542,542,542,542,460,460,454,454,454,454,529,529,529,529,529,529,529,529,529,529,529,529,529,529,550,550,506,506,506,506,556,556,556,556,556,556,556,556,530,530,530,530,530,530,530,530,531,531,531,551,551,551,551,551,523,523,523,523,552,552,552,552,552,552,552,547,547,547,558,558,561,561,561,561,561,561,561,561,561,561,561,562,562,548,548,548,543,543,543,543,543,553,553,553,553,553,553,534,534,535,535,535,544,544,544,544,544,544,563,563,563,563,563,563,563,563,563,536,536,536,536,536,536,526,573,526,526,526,568,568,568,568,568,586,586,564,564,564,564,564,538,538,513,513,513,513,549,513,549,549,569,569,569,569,569,569,565,565,565,565,565,579,579,579,539,539,539,539,539,540,540,540,540,540,570,545,570,570,545,545,545,545,545,555,555,555,555,555,555,555,587,587,587,587,546,546,505,566,629,629,629,629,629,629,629,629,629,532,532,532,532,557,557,557,557,559,559,480,480,480,480,559,559,559,559,559,559,528,528,528,528,528,528,528,528,599,599,599,599,599,599,522,522,522,522,567,567,516,516,516,516,516,516,516,516,560,560,560,462,462,462
542,542,542,542,542,460,460,460,460,460,460,529,529,529,529,529,529,529,529,529,529,529,529,529,529,529,529,550,550,550,550,506,506,556,556,556,556,556,556,556,556,530,530,530,530,530,530,530,530,531,531,531,551,551,551,551,551,589,552,552,523,552,552,552,552,552,547,547,547,547,558,558,558,558,558,561,561,561,571,571,561,561,561,562,562,562,562,548,543,543,543,543,543,553,553,553,553,553,553,553,534,535,535,535,535,544,544,544,544,544,544,544,563,563,563,563,563,563,572,572,536,536,536,536,573,573,573,573,526,573,573,568,568,568,568,586,586,586,564,564,564,564,564,538,538,574,574,574,549,549,549,549,569,569,569,569,569,569,569,569,565,565,565,565,575,575,579,579,539,539,570,570,540,540,540,540,540,570,545,570,545,545,545,545,576,576,555,555,555,555,555,555,555,587,587,587,546,546,546,546,566,629,629,629,629,629,629,629,629,629,532,532,532,532,557,557,557,557,559,559,559,559,480,480,559,559,559,559,559,559,528,528,528,528,528,528,528,528,528,528,599,599,599,599,599,599,567,567,567,567,567,567,567,567,516,516,516,516,560,560,560,462,462,462
542,542,542,542,542,460,460,578,578,460,460,529,529,529,529,529,529,529,529,529,529,529,529,529,529,529,529,550,550,550,550,556,556,556,556,556,556,556,556,556,556,556,556,556,556,556,530,530,530,531,531,582,551,551,551,589,589,589,552,552,552,552,552,552,583,583,583,583,583,558,558,558,558,558,558,571,571,571,571,571,571,561,561,562,562,562,562,548,548,543,543,543,543,543,543,543,553,553,553,553,577,577,535,535,535,544,544,544,544,544,563,563,563,563,563,563,563,572,572,572,572,572,536,536,573,573,573,573,573,573,573,568,568,568,568,568,586,586,564,564,564,564,564,538,538,574,574,574,574,549,549,569,569,569,569,569,569,569,569,569,565,565,565,565,575,575,579,579,539,539,570,570,570,540,540,540,540,570,570,570,545,545,545,545,576,576,555,555,555,555,555,555,555,587,587,587,546,546,546,546,566,629,629,629,629,629,629,629,629,629,532,532,532,532,557,557,557,557,559,559,559,559,559,559,559,559,559,559,559,559,528,528,528,528,528,528,528,528,528,528,599,599,599,599,599,599,567,567,567,567,567,567,567,567,560,560,560,560,560,560,560,462,462,462
542,542,542,542,542,542,578,578,578,578,578,578,529,529,529,529,529,529,578,578,578,578,529,529,550,550,550,550,556,556,556,556,556,556,556,556,556,556,556,556,556,556,556,556,556,556,530,530,530,530,530,582,551,551,551,589,589,589,589,589,552,552,552,583,583,583,583,583,583,558,558,558,558,558,558,558,571,571,571,571,571,571,571,571,562,562,562,548,548,543,543,543,543,543,543,543,553,553,553,577,577,577,577,577,577,544,544,544,544,544,563,563,563,563,563,563,563,572,572,572,572,572,572,536,573,573,573,573,568,573,573,568,568,568,568,568,568,586,564,564,564,564,564,538,574,574,574,574,574,574,574,574,574,574,569,569,569,569,569,569,565,565,565,575,575,575,575,579,579,579,570,579,570,540,540,570,540,570,570,570,570,570,570,545,576,576,555,555,555,555,555,602,602,602,602,587,546,546,546,546,566,629,629,629,629,629,629,629,629,629,629,629,629,629,557,557,557,557,559,559,559,559,559,559,559,559,559,559,559,559,528,528,528,528,528,528,528,528,528,528,599,599,599,599,567,567,567,567,567,567,567,567,567,567,560,560,560,560,560,560,560,462,462,462
542,542,542,542,542,542,578,578,578,578,578,578,578,578,578,578,578,578,578,578,578,578,550,550,550,550,550,550,556,556,556,556,556,580,580,556,556,556,556,556,556,581,581,581,581,581,581,530,530,530,582,582,551,551,551,582,589,589,589,589,589,589,552,583,583,583,583,583,583,558,558,583,558,558,558,558,558,571,571,571,571,571,571,562,562,562,562,562,548,548,548,584,584,543,543,543,553,577,577,577,577,577,577,577,577,544,544,544,544,563,563,563,563,563,585,585,563,572,572,572,572,572,592,592,573,573,573,573,568,568,573,568,568,568,568,568,568,586,564,586,564,564,564,574,574,574,574,574,574,574,574,574,574,574,574,569,569,569,569,569,565,565,565,575,575,575,575,575,579,579,579,579,570,570,570,570,570,570,570,570,570,570,570,576,576,576,555,555,555,555,555,555,602,602,602,587,546,587,587,566,566,629,629,629,629,629,629,629,629,629,629,629,557,557,557,557,557,557,559,559,559,559,559,559,559,559,559,559,559,559,528,528,528,528,528,528,528,528,528,528,599,599,599,599,567,567,567,567,567,567,567,567,567,567,560,560,560,560,560,560,560,462,462,462
542,542,542,542,542,542,578,578,578,578,578,578,578,578,578,578,578,578,578,578,578,578,550,550,550,550,550,550,580,580,580,580,580,580,580,588,588,588,556,556,556,581,581,581,581,581,581,530,530,530,582,582,551,551,551,582,582,582,589,589,589,589,589,589,583,583,589,583,583,583,558,583,590,590,590,558,558,571,571,571,571,571,571,562,562,562,562,548,548,548,584,584,584,543,543,543,577,577,577,577,577,577,577,577,591,544,544,544,544,591,563,585,585,585,585,585,563,572,572,592,592,572,592,592,592,573,592,573,573,568,568,568,568,568,568,568,586,586,586,586,586,564,564,574,574,574,574,574,574,574,574,574,574,574,574,593,593,569,569,569,565,565,565,575,575,575,575,575,579,579,579,579,570,570,570,570,570,570,570,570,570,570,576,576,576,576,576,576,555,555,555,602,602,602,587,587,587,587,587,566,566,629,629,629,629,629,629,629,629,629,629,629,557,557,557,557,557,557,559,559,559,559,559,559,559,559,559,559,559,559,528,528,594,594,594,594,594,594,594,594,599,599,599,599,599,599,567,567,567,567,567,567,567,567,567,567,567,567,560,560,560,462,462,462
542,542,542,542,542,542,578,578,578,578,578,578,578,578,578,578,578,578,578,578,578,578,578,578,550,550,550,550,580,580,580,580,580,580,580,588,588,588,588,556,556,581,581,581,581,581,581,581,530,530,582,582,582,551,551,551,582,582,582,589,589,589,589,589,583,583,589,589,583,583,583,583,590,590,590,590,590,595,571,571,571,571,571,571,562,562,562,595,595,595,584,584,584,543,543,543,577,577,596,597,597,597,577,577,591,544,544,591,591,591,585,585,585,585,585,563,563,572,572,592,592,592,592,592,592,592,592,592,592,598,598,598,598,586,586,586,586,586,586,586,586,564,564,574,574,574,574,574,574,574,574,574,574,574,593,593,593,569,569,569,565,565,565,575,575,575,575,575,579,579,579,579,570,570,570,570,570,570,570,570,570,570,576,576,576,576,576,576,576,576,602,602,602,587,587,587,587,587,587,566,566,566,629,629,629,629,629,629,629,629,629,629,629,629,557,557,557,557,557,557,559,559,559,559,559,559,559,559,594,594,528,528,594,594,594,594,594,594,594,594,599,599,599,599,599,599,567,567,599,599,599,599,567,567,567,567,567,567,560,560,462,462,462,462
542,542,542,542,578,578,578,578,578,578,578,578,578,578,578,578,578,578,578,578,578,578,578,578,550,550,550,550,580,580,580,580,580,588,588,588,588,588,588,556,556,581,581,581,581,581,581,581,530,582,582,582,582,582,582,582,582,582,582,589,589,600,589,589,589,589,589,589,590,590,590,590,590,590,590,590,595,595,595,571,571,571,571,571,562,562,562,595,595,595,595,584,584,584,543,543,577,577,596,596,597,597,597,591,591,591,591,591,591,591,585,585,585,585,585,563,572,572,621,592,592,592,592,592,592,592,592,592,592,598,598,598,598,586,586,586,586,586,586,586,564,564,564,574,574,574,574,574,574,574,574,574,593,593,593,593,593,593,601,601,601,601,565,575,575,575,575,575,579,579,579,604,604,604,570,570,570,570,570,570,616,570,570,576,576,576,576,576,576,576,602,602,602,602,602,587,602,602,566,566,566,566,629,629,629,629,629,629,629,629,629,629,629,629,557,557,557,557,557,557,559,559,559,559,559,559,559,559,594,594,594,594,594,594,594,594,594,594,594,594,599,599,599,599,599,599,567,567,599,599,599,599,567,567,567,567,560,560,560,560,462,462,462,462
542,542,542,542,578,578,578,578,578,578,578,578,578,578,550,550,578,578,578,578,578,578,578,578,550,550,550,550,580,580,580,580,580,588,588,588,588,588,588,556,556,581,581,581,581,581,581,581,530,582,600,600,600,582,582,582,582,582,589,589,600,600,600,589,589,589,590,590,590,590,590,590,590,590,603,603,603,595,595,571,571,571,571,571,562,562,562,595,595,595,595,584,584,584,609,609,596,577,596,596,596,596,597,597,591,591,591,591,591,591,585,585,585,585,585,585,572,572,621,621,621,592,592,592,606,606,592,592,592,598,598,598,598,598,586,586,586,586,586,586,564,564,574,574,574,574,574,574,574,574,574,574,593,593,593,593,593,593,601,601,601,601,565,575,575,575,575,575,575,604,604,604,604,604,604,570,570,604,604,604,616,570,576,576,576,576,576,576,576,576,602,602,602,602,602,602,602,566,566,566,566,566,566,566,566,566,566,629,629,629,629,629,557,557,557,557,557,557,557,557,559,559,559,559,559,559,559,559,594,594,594,594,594,594,594,594,594,594,594,594,605,605,599,599,599,599,567,567,599,599,599,599,567,567,567,567,560,560,560,560,560,462,462,462
542,542,542,542,542,542,578,578,578,578,578,578,578,578,550,550,578,578,578,578,578,578,578,578,550,550,550,550,550,550,550,550,580,588,588,588,588,588,588,556,556,581,581,581,581,581,581,581,582,582,600,600,600,600,600,582,582,582,600,600,600,600,600,590,589,590,590,590,590,590,590,590,590,590,603,603,603,595,595,571,571,571,571,571,595,595,595,595,595,595,584,584,584,609,609,609,596,596,596,596,596,596,597,597,591,591,591,585,585,585,585,585,585,585,585,572,572,572,621,621,621,621,621,606,606,606,592,606,592,598,598,598,598,598,586,586,586,586,586,586,615,615,574,615,615,574,574,574,574,574,607,574,593,593,593,593,593,593,601,601,601,601,565,565,565,575,575,575,575,604,604,604,604,604,604,604,604,604,604,604,616,616,576,576,576,576,576,576,576,602,602,602,602,602,602,602,602,566,566,566,566,566,566,566,566,566,566,629,629,629,629,629,557,557,557,557,557,557,557,557,559,559,559,559,559,559,559,559,594,594,594,594,594,594,594,594,594,594,605,605,605,605,599,599,599,599,599,599,599,599,599,599,567,567,567,567,560,560,560,560,560,462,462,462
617,617,617,617,617,542,542,542,542,578,578,578,578,578,578,550,550,578,578,550,550,578,578,550,550,550,550,550,550,550,550,580,580,588,588,588,588,588,588,556,556,556,581,581,581,581,581,581,582,600,600,600,600,600,600,582,582,582,600,600,600,600,600,590,590,590,590,590,590,590,590,590,590,603,603,603,603,595,595,595,595,595,571,571,595,595,584,584,584,584,584,584,608,609,609,609,596,596,609,596,596,596,597,597,597,591,591,591,591,591,585,585,585,585,585,572,572,572,621,621,621,621,606,606,606,606,606,606,606,598,598,610,610,598,598,586,586,586,615,586,615,615,615,615,615,615,574,574,574,574,607,607,607,607,607,607,593,593,601,601,601,565,565,565,565,565,611,611,611,611,604,604,604,604,604,604,604,604,604,604,616,616,576,576,576,576,576,576,576,602,602,602,602,602,602,602,566,566,566,566,566,566,566,566,566,629,629,629,629,629,629,629,557,557,557,557,557,557,612,612,559,559,559,559,559,559,594,594,594,594,594,594,594,594,594,594,605,605,605,605,605,605,605,605,599,599,599,599,599,599,567,567,567,567,567,567,560,560,560,560,560,462,462,462
617,617,617,617,617,617,617,617,542,542,542,542,542,542,578,578,550,550,550,550,550,550,550,550,613,613,613,613,613,613,580,580,588,588,588,588,588,588,588,556,556,556,581,581,581,581,581,582,582,600,600,600,600,600,600,600,600,600,600,600,600,600,600,600,590,590,590,590,590,590,590,614,614,603,603,603,603,603,603,595,595,595,595,595,595,595,584,584,584,584,584,608,608,608,609,609,596,609,609,596,596,596,596,597,597,597,591,591,591,591,585,585,585,585,585,585,572,572,621,621,621,621,606,606,606,606,606,606,606,598,598,598,610,610,598,586,586,586,615,615,615,615,615,615,615,615,574,574,574,615,607,607,607,607,607,607,593,593,593,601,601,601,601,565,565,565,611,611,611,611,611,604,604,604,604,604,604,604,616,616,616,576,576,616,616,616,616,602,602,602,602,602,602,602,602,566,566,566,566,566,566,566,566,566,566,629,629,629,629,629,629,557,557,557,557,612,612,612,612,612,612,559,559,559,559,594,594,594,594,594,594,594,594,594,594,605,605,605,605,605,605,605,605,599,599,599,599,599,599,567,567,567,567,567,567,567,567,560,560,560,560,462,462,462
617,617,617,617,617,617,617,617,542,542,542,542,542,542,617,617,550,550,550,550,550,550,550,550,613,613,613,613,613,613,580,580,588,588,588,588,588,588,588,588,556,556,581,581,581,581,581,582,582,600,600,600,600,600,600,600,600,600,600,600,600,600,600,600,590,590,590,590,590,618,614,614,614,603,603,603,603,603,603,619,619,619,619,619,619,619,584,608,608,584,608,608,608,608,609,609,609,609,596,596,596,596,596,596,620,597,597,597,597,597,597,585,585,585,572,572,572,572,621,621,621,621,606,621,621,606,606,606,598,598,598,598,610,610,598,586,586,586,622,622,622,615,615,615,615,615,615,615,615,615,607,607,607,607,607,607,601,601,601,601,601,601,623,624,565,565,565,611,611,611,611,604,604,604,604,604,604,604,616,616,616,576,616,616,616,616,616,602,602,602,602,602,602,566,566,566,566,566,566,566,566,566,566,566,566,629,629,629,629,629,629,557,557,557,557,612,612,612,612,612,612,612,612,559,559,594,594,594,594,594,594,594,594,594,594,605,605,605,605,605,605,605,605,599,599,599,599,599,599,567,567,567,567,560,560,567,567,560,560,560,560,462,462,462
617,617,617,617,617,617,617,617,542,542,542,542,617,617,617,617,550,550,613,613,613,613,550,550,613,613,613,613,613,613,613,580,588,588,588,588,588,588,588,588,588,588,581,581,581,581,581,582,582,600,600,600,600,600,600,600,600,600,600,600,600,625,625,618,618,618,618,618,618,618,614,614,614,614,603,603,619,619,619,619,619,619,619,619,619,619,619,608,608,608,608,608,626,626,626,609,609,596,596,596,596,596,596,620,620,597,597,597,597,597,597,597,585,585,572,572,572,572,621,621,621,621,606,621,606,606,598,598,598,598,598,598,610,610,598,598,598,586,622,622,622,615,615,633,633,633,615,615,615,615,607,607,607,607,607,607,601,601,601,601,601,623,623,624,624,624,624,624,611,611,611,604,604,604,604,604,604,604,616,616,616,616,616,616,616,616,616,602,602,668,668,668,668,668,668,668,566,566,566,566,566,566,566,566,566,629,629,629,557,557,557,557,557,557,557,557,612,612,612,612,612,612,612,612,559,559,594,594,594,594,594,594,594,594,605,605,605,605,605,605,605,605,605,605,605,605,599,599,599,599,567,567,560,560,560,560,560,560,560,560,560,560,462,462
617,617,617,617,617,617,617,617,617,617,617,617,617,617,617,617,550,550,613,613,613,613,613,613,613,613,613,613,613,613,613,580,588,588,588,588,588,588,588,588,588,588,581,581,581,581,581,582,582,582,600,600,600,600,600,600,600,600,600,600,625,625,625,618,618,618,618,618,618,614,614,627,614,614,614,603,603,603,603,603,619,619,619,619,619,619,619,619,608,608,608,626,626,626,626,609,609,609,596,596,596,596,620,620,620,620,620,620,597,597,597,585,585,572,572,572,572,572,621,621,621,621,621,621,606,606,610,610,598,598,598,610,610,610,598,598,598,622,622,622,622,615,633,633,633,615,615,615,615,607,607,607,607,607,607,607,601,601,623,623,623,623,623,624,624,624,624,624,611,611,611,611,604,604,604,604,604,604,604,604,616,616,616,616,616,616,628,668,668,668,668,668,668,668,566,566,566,566,566,566,566,566,566,566,566,629,557,557,557,629,629,557,557,557,557,557,557,557,557,612,612,612,612,612,612,612,612,594,594,594,594,594,594,605,605,605,605,605,605,605,605,642,642,605,605,605,605,605,605,599,599,560,560,560,560,560,560,560,560,560,560,560,462,462
617,617,617,617,617,630,630,617,617,617,617,617,617,617,617,617,617,617,617,613,613,613,613,613,613,613,613,613,613,613,613,580,588,588,588,588,588,588,588,588,588,588,588,581,581,581,581,582,631,582,631,631,631,631,600,600,600,600,600,600,625,625,625,618,618,618,618,618,618,618,614,627,614,614,614,614,614,603,603,603,619,619,619,619,619,619,619,608,608,626,626,626,626,626,609,609,609,609,596,596,596,620,620,620,620,620,620,620,597,597,585,585,585,572,572,572,572,572,632,632,632,632,621,621,606,606,610,610,610,610,610,610,610,610,598,598,598,598,622,622,622,622,633,633,633,633,633,615,615,633,607,607,607,607,623,601,601,601,623,623,623,623,624,624,624,624,624,624,611,611,611,604,604,604,604,604,604,604,604,628,616,616,616,616,616,616,628,668,668,668,668,668,668,668,566,566,566,566,566,566,566,566,566,566,566,629,557,557,557,629,629,629,557,557,557,557,557,557,557,557,557,557,612,612,612,612,612,612,594,594,594,594,605,605,605,605,605,605,605,605,642,642,642,642,642,642,605,605,605,605,599,599,560,560,560,560,560,560,560,560,560,560,462,462
617,617,617,617,617,630,630,630,630,617,617,617,617,617,617,617,617,617,617,613,613,613,613,613,613,613,613,613,613,613,613,580,580,588,588,588,588,588,588,588,588,588,588,581,581,581,634,635,631,631,631,631,631,631,631,600,600,600,600,600,625,625,625,618,618,618,618,618,627,627,627,627,627,614,614,614,614,603,603,603,603,619,619,619,619,619,608,608,608,608,626,626,626,626,636,636,636,609,609,609,609,620,620,620,620,620,620,620,620,597,597,597,597,632,572,572,572,632,632,632,632,632,632,632,606,606,606,610,610,610,610,610,610,598,598,598,598,622,622,622,622,622,622,633,633,633,633,633,633,633,607,607,607,607,623,623,623,623,623,623,639,624,624,624,624,624,611,611,611,611,611,604,604,604,604,604,604,628,628,628,628,628,628,628,628,628,628,668,668,668,668,668,668,668,668,668,566,566,566,566,566,566,566,566,566,629,629,629,629,629,629,629,557,557,557,557,557,557,557,557,557,557,557,557,612,612,612,612,594,594,594,594,605,605,605,605,605,605,605,605,642,642,642,642,642,642,605,605,605,605,599,599,560,560,560,560,637,637,637,637,637,637,637,462
617,617,617,617,630,630,630,630,630,630,630,630,617,617,617,617,617,617,617,617,617,617,613,613,613,613,613,613,613,613,613,613,580,588,588,588,588,588,588,588,588,588,588,581,581,634,634,635,631,631,631,631,631,631,631,631,600,625,625,600,625,625,625,625,618,618,618,618,627,627,627,627,627,627,627,614,614,614,614,603,603,603,603,608,608,608,608,655,655,655,626,626,626,626,626,636,636,609,609,609,609,609,609,620,620,620,620,620,620,620,620,620,620,632,632,632,632,632,632,632,632,632,632,606,606,606,610,610,610,610,610,610,610,598,638,598,598,622,622,622,622,622,622,633,633,633,633,633,633,633,607,607,607,607,623,623,623,623,639,639,639,624,624,624,639,639,639,611,611,611,604,604,604,604,628,628,628,628,628,628,628,628,640,628,628,640,641,641,641,668,668,668,668,668,668,668,566,566,566,566,566,566,566,566,566,648,629,629,629,629,629,629,629,629,557,557,557,557,557,557,557,557,557,557,612,612,612,612,612,612,612,612,605,605,605,605,605,605,642,642,642,642,642,642,642,642,605,605,642,642,599,599,599,599,560,560,560,560,560,560,637,637,637,462
617,617,617,617,630,630,630,630,630,630,630,630,630,630,617,617,617,617,617,617,617,617,613,613,613,613,580,580,580,580,580,580,580,580,588,588,588,588,588,588,588,588,588,581,581,634,634,635,635,631,631,631,631,631,631,631,625,625,625,625,625,625,625,625,625,625,618,618,627,627,627,627,627,627,627,627,614,614,614,614,603,655,655,608,608,608,655,655,655,655,626,626,626,626,636,636,636,636,636,609,609,609,609,609,609,620,620,620,620,620,620,620,620,620,632,632,632,632,632,632,632,632,632,632,606,610,610,643,610,610,610,638,610,638,638,638,622,622,622,622,622,622,622,633,633,633,633,644,644,644,644,607,607,607,623,623,623,623,639,639,639,624,624,624,639,639,639,611,611,611,667,667,628,628,628,628,628,628,628,645,645,628,640,640,640,640,641,641,641,668,668,668,668,668,668,566,566,566,566,566,566,566,566,648,648,648,629,629,629,629,629,629,629,629,557,557,557,557,557,557,557,557,557,557,612,612,612,612,612,612,612,612,612,612,612,612,605,605,642,642,642,642,642,642,642,642,605,605,642,642,642,642,599,599,560,560,560,560,560,560,637,637,637,462
617,617,617,617,630,630,630,630,630,630,630,630,630,630,617,617,617,617,617,617,617,617,613,613,613,613,580,580,720,720,580,580,580,580,580,588,588,588,588,588,588,588,588,581,581,634,634,635,635,635,635,631,631,631,631,625,625,625,625,625,625,625,625,625,625,625,646,618,627,627,627,627,627,627,627,614,614,614,614,614,603,603,655,608,608,655,655,655,655,655,626,626,626,636,636,636,636,636,636,609,609,609,609,609,620,620,620,647,647,620,620,620,620,632,632,632,632,632,632,632,632,632,632,632,606,606,606,643,638,638,638,638,638,638,638,622,622,622,622,622,622,622,622,633,633,633,644,644,644,644,644,607,607,607,623,623,623,623,623,639,639,639,639,639,639,639,639,611,667,667,667,667,628,628,628,645,628,628,628,645,645,645,640,640,640,641,641,641,641,668,668,668,675,675,675,566,566,566,566,566,648,648,648,648,648,648,648,648,648,629,629,629,629,648,648,557,557,648,648,557,557,557,557,612,612,612,612,612,612,612,612,612,612,612,612,612,612,605,605,642,642,642,642,642,642,642,642,605,605,605,605,642,642,560,560,637,637,637,637,637,637,637,637,462
630,630,630,630,630,630,630,630,630,630,630,630,630,630,617,617,617,617,617,617,617,617,613,613,613,613,580,580,720,720,580,580,580,580,580,580,580,580,588,588,588,588,588,588,634,634,634,635,635,635,635,631,631,631,631,625,625,625,625,625,625,625,625,625,646,646,646,649,649,649,627,627,627,627,627,614,614,614,614,603,603,603,655,655,655,655,655,655,655,626,626,626,626,636,636,636,636,636,636,650,609,609,609,609,651,651,651,647,647,620,620,620,652,652,652,652,652,652,632,632,632,632,632,632,606,606,643,643,638,638,638,638,638,638,638,638,653,653,622,622,622,622,622,622,622,633,644,644,644,644,644,607,654,654,654,623,623,623,623,639,639,639,639,639,639,639,639,667,667,667,667,667,628,645,645,645,628,645,645,645,645,640,640,640,640,641,641,641,641,668,668,668,675,675,675,675,675,675,566,566,648,648,648,648,648,648,648,648,648,629,629,648,648,648,648,557,557,648,648,612,612,612,612,612,612,612,612,612,612,612,612,612,612,612,612,612,612,605,605,642,642,642,642,642,642,642,642,605,605,605,605,642,642,560,560,637,637,637,637,637,637,637,637,462
630,630,630,630,630,630,630,630,630,630,630,630,630,630,617,617,617,617,617,617,617,617,613,613,613,613,580,580,720,720,580,580,580,580,580,580,580,580,588,588,588,588,588,634,634,634,635,635,635,635,635,631,631,631,631,625,625,625,625,625,625,625,625,646,646,646,646,649,649,627,627,627,627,627,627,627,614,614,603,603,655,655,655,655,655,655,655,655,655,626,655,626,626,636,636,636,636,636,636,650,650,650,650,609,609,651,651,647,647,647,647,652,652,652,652,652,652,652,632,632,632,632,632,606,606,643,643,643,638,638,638,638,638,653,653,638,653,653,622,622,622,656,656,644,644,644,644,644,644,644,607,607,654,654,654,654,654,654,639,639,639,657,657,657,657,657,639,667,667,667,667,667,645,645,645,645,645,645,645,645,645,640,640,640,640,641,641,641,641,641,641,668,675,675,675,675,675,675,566,566,648,648,648,648,648,648,648,648,648,648,648,648,648,648,557,557,648,648,612,612,612,612,612,612,612,612,612,612,612,612,612,612,612,612,612,612,605,605,642,642,642,642,642,642,642,642,605,605,642,642,642,642,560,560,560,560,637,637,637,637,637,637,637,462
630,630,630,630,630,630,630,630,630,630,630,630,630,630,617,617,617,617,617,617,617,617,613,613,580,580,580,580,720,720,580,580,580,580,580,580,580,588,588,588,588,588,588,634,634,635,635,635,635,635,635,635,631,631,631,631,631,625,625,625,625,625,625,646,646,646,649,649,649,627,627,627,627,627,627,627,627,603,603,655,655,655,655,655,655,655,655,655,655,626,655,626,626,626,636,636,636,636,636,636,650,650,650,650,651,651,651,647,647,647,647,647,652,652,652,652,658,658,658,632,658,658,658,658,643,643,643,638,638,681,681,681,681,653,653,653,653,653,622,622,622,656,656,644,644,644,644,644,644,644,659,654,654,654,654,654,654,654,639,639,657,657,657,657,657,657,639,667,667,667,667,667,645,645,645,645,645,645,645,645,645,645,640,640,641,641,641,641,641,641,641,668,675,675,675,675,675,648,648,648,648,675,675,648,648,648,648,648,648,648,648,648,648,648,648,648,648,612,612,660,660,660,660,605,605,612,612,612,612,612,612,612,612,605,605,605,605,642,642,605,605,605,605,605,605,605,605,642,642,642,642,560,560,637,637,637,637,637,637,637,637,661,661,462
630,630,630,630,630,630,630,630,630,630,630,630,630,662,662,662,662,662,662,617,617,662,662,580,580,720,720,720,720,580,580,580,580,580,580,580,580,588,588,588,588,588,588,634,634,634,635,635,635,635,635,635,631,631,631,631,631,625,663,663,625,625,646,646,646,646,649,649,649,649,649,649,627,627,627,627,603,603,603,664,664,664,655,664,664,655,655,655,655,655,655,626,626,626,636,636,636,650,650,650,650,650,650,650,651,651,647,647,647,647,652,652,652,652,652,652,658,658,658,658,658,643,643,643,643,643,638,638,681,681,681,681,681,681,653,653,653,653,653,653,656,656,656,656,656,644,644,644,644,644,659,659,654,654,654,654,654,654,639,639,657,657,657,657,657,657,657,657,667,667,667,667,667,645,645,645,645,645,645,645,645,645,640,641,641,641,641,641,641,641,641,668,668,668,668,668,675,675,675,675,675,675,675,675,648,648,648,648,648,648,648,648,648,648,660,660,660,660,660,660,660,660,605,605,605,605,605,605,605,605,605,605,605,605,605,605,642,642,605,605,605,605,642,642,642,642,642,642,560,560,560,560,637,637,637,637,637,637,637,637,661,661,661,462
630,630,630,630,630,630,630,630,630,630,630,630,630,662,662,662,662,662,662,662,662,662,662,580,580,720,720,720,720,580,580,580,580,580,580,580,580,588,588,588,588,588,634,634,634,634,635,635,635,635,663,663,663,663,631,631,631,663,663,663,625,625,646,646,646,646,649,649,649,649,649,627,627,627,627,627,627,664,664,664,664,664,664,664,664,664,665,665,665,665,665,626,666,666,666,666,666,666,650,650,650,650,651,650,651,651,651,651,647,647,652,652,652,652,652,658,658,658,658,658,658,643,643,643,643,638,638,681,681,681,681,681,681,681,653,653,653,653,653,653,656,656,656,656,659,659,659,659,659,659,659,659,654,654,654,654,654,639,639,639,657,657,657,657,657,657,657,667,667,667,667,667,667,645,667,645,645,645,645,645,640,640,640,641,641,641,641,641,641,668,668,668,668,668,668,668,668,675,675,668,668,675,675,675,675,648,648,648,648,648,648,648,648,660,660,660,660,660,660,605,605,605,605,669,669,605,605,605,605,605,605,605,605,642,642,642,642,605,605,642,642,642,642,642,642,642,642,560,560,560,560,637,637,637,637,637,637,661,661,661,661,661,661,462
630,630,630,630,630,630,630,630,630,630,630,630,630,662,662,662,662,662,662,662,662,662,662,580,580,720,720,720,720,580,580,580,580,580,580,580,580,588,588,588,588,588,634,670,635,635,635,635,635,635,663,663,663,631,631,631,631,663,663,663,663,663,646,646,646,646,646,649,649,649,649,627,627,627,627,671,627,664,671,671,671,664,664,664,664,665,665,665,665,665,665,665,666,666,666,666,666,666,650,650,650,650,651,651,651,651,651,647,647,647,647,652,652,652,652,652,658,658,658,658,658,643,643,643,643,638,638,638,681,681,681,681,681,681,653,653,653,653,653,653,656,656,656,659,659,659,659,659,659,659,654,659,654,654,654,654,654,654,654,639,672,672,672,673,657,657,673,667,667,667,667,667,667,667,667,645,645,645,645,640,640,640,641,641,641,641,641,668,668,668,668,668,668,668,668,668,668,668,668,668,668,668,674,674,675,675,648,648,648,648,675,675,660,660,660,660,660,660,660,660,605,605,669,669,669,669,669,669,669,669,669,669,669,669,642,642,642,642,642,642,642,642,676,676,676,676,637,637,637,637,637,637,637,637,661,661,661,661,677,677,677,661,678,678
630,630,630,630,630,630,630,630,630,630,630,630,630,662,662,662,662,662,662,662,662,662,662,580,580,720,720,720,720,580,580,580,580,580,580,580,580,588,588,588,588,588,634,670,670,670,635,635,635,635,663,663,663,663,663,663,663,663,663,663,663,663,663,663,646,646,646,646,646,649,649,649,627,627,671,671,671,671,671,671,671,664,664,664,665,665,665,665,665,665,665,665,666,666,666,666,666,650,650,650,650,650,651,651,651,651,651,647,647,647,679,652,652,652,652,652,658,658,658,658,658,643,643,680,680,680,638,638,638,638,681,681,681,681,653,653,653,681,681,681,656,656,656,656,659,659,659,659,659,659,654,654,654,654,654,654,654,654,672,672,672,672,672,673,673,673,673,682,682,682,667,667,667,667,645,645,645,645,645,640,640,641,641,641,641,641,641,668,668,668,668,668,668,668,668,668,668,668,668,674,674,674,674,674,674,675,675,675,675,675,675,675,675,660,660,660,660,660,660,660,660,660,660,660,660,669,669,669,669,669,669,669,669,669,669,676,676,676,676,676,676,676,676,676,676,637,637,637,637,661,661,661,661,661,661,661,661,677,677,677,677,678,678,678
630,630,630,630,630,630,630,630,630,630,630,662,662,662,662,662,662,662,662,662,662,720,720,720,720,720,720,720,720,580,580,580,580,683,683,683,684,684,684,684,588,588,670,670,670,670,635,635,635,635,663,685,685,663,663,663,663,663,663,663,663,663,663,663,646,646,646,646,646,649,649,649,671,671,671,671,671,671,671,671,664,664,664,686,686,686,665,665,665,665,665,665,666,666,666,666,666,650,650,650,650,650,651,651,651,651,651,647,647,647,679,679,679,679,652,652,658,658,658,658,643,643,643,680,680,680,680,638,638,638,638,681,681,681,653,653,653,681,681,681,656,656,656,656,659,659,659,659,659,659,659,659,654,654,654,672,672,672,672,672,672,673,673,673,673,673,673,682,682,682,682,682,667,687,687,687,687,687,687,687,687,641,641,641,641,641,641,641,641,668,668,674,674,674,668,668,668,668,674,674,674,674,675,675,675,675,675,675,675,675,697,697,675,675,660,660,660,660,660,660,660,660,660,660,660,660,669,669,669,669,676,676,676,676,676,676,676,676,676,676,676,676,637,637,637,637,661,661,661,661,661,661,661,661,661,661,677,677,677,677,677,678,678,678
630,630,630,630,630,630,630,630,630,630,630,662,662,662,662,662,662,662,662,662,662,720,720,720,720,720,720,720,720,580,580,580,580,683,684,684,684,684,684,684,588,588,670,670,685,670,685,685,685,685,685,685,685,663,663,663,663,663,663,663,663,663,663,663,646,646,646,646,646,649,649,649,688,671,688,671,671,671,671,671,664,664,664,686,686,686,686,665,665,665,665,665,666,666,666,666,666,650,650,650,650,650,651,651,651,651,651,647,647,647,679,679,679,679,679,658,658,658,658,658,643,643,643,680,680,680,680,680,689,689,689,689,681,681,681,681,681,681,681,681,656,656,656,656,659,659,659,659,659,659,659,659,690,690,690,672,672,672,672,672,672,673,673,673,673,673,682,682,682,682,682,682,687,687,687,687,687,687,687,687,641,641,641,641,641,641,641,641,641,668,668,674,691,674,674,674,674,674,674,674,674,674,675,675,675,675,697,697,697,697,697,697,675,675,660,660,660,660,660,660,660,660,660,660,660,660,669,669,669,669,676,676,676,676,676,676,676,676,676,676,676,676,637,637,637,637,661,661,661,661,661,661,661,661,661,661,677,677,677,677,677,678,678,678
630,630,630,692,692,692,692,630,630,630,630,630,630,630,630,662,662,662,662,662,662,720,720,720,720,720,720,720,720,580,580,683,683,683,684,684,684,684,684,684,588,588,670,670,685,685,685,685,685,685,685,685,685,685,693,693,693,663,663,663,663,663,693,693,646,646,646,646,646,649,649,649,688,688,688,688,694,694,671,671,664,664,664,686,686,686,686,665,665,665,666,665,666,666,666,695,695,650,695,695,650,707,707,707,707,707,651,651,651,647,679,679,679,679,679,679,679,679,679,679,643,643,643,680,680,680,680,689,689,689,689,689,700,700,700,681,681,681,681,681,656,656,656,659,659,659,659,659,659,659,659,659,690,690,690,672,672,672,672,672,673,673,673,673,673,673,682,682,682,682,682,696,687,687,687,687,687,687,687,641,641,641,641,641,641,641,641,641,641,668,674,674,691,674,674,674,674,674,674,674,674,674,675,675,675,675,697,697,697,697,697,697,675,675,697,697,660,660,660,660,660,660,660,660,660,660,669,669,669,669,676,676,676,676,676,676,676,676,676,676,676,676,676,676,637,637,661,661,661,661,661,661,661,661,661,661,677,677,677,677,677,678,678,678
630,630,630,692,692,692,692,692,692,692,692,630,630,630,630,662,662,662,662,662,662,720,720,720,720,720,720,720,720,683,683,683,684,684,684,684,684,684,684,684,588,670,670,685,685,685,685,685,685,685,685,685,693,693,693,693,693,693,693,693,693,693,693,693,646,646,646,649,649,649,688,688,688,688,688,688,694,694,694,694,664,664,664,686,686,686,686,665,665,665,666,666,666,666,666,666,695,695,695,650,650,707,707,707,707,707,707,707,679,679,679,679,679,679,679,698,698,698,698,643,643,643,699,699,699,680,680,689,689,689,689,700,700,700,700,681,700,700,681,681,681,656,656,656,656,659,659,659,701,659,659,659,690,690,690,690,672,672,672,673,673,673,673,673,673,673,682,682,682,696,696,696,687,687,687,687,687,687,641,641,641,641,641,641,641,641,641,641,641,674,674,691,691,674,674,674,674,674,674,674,674,674,675,675,675,675,697,697,697,697,697,697,675,675,697,697,697,697,660,660,660,660,660,660,660,660,669,669,669,669,676,676,676,676,676,676,676,676,676,676,676,676,676,676,637,637,661,661,661,661,661,661,661,661,661,661,677,677,677,677,677,678,678,678
692,692,692,692,692,692,692,692,692,692,692,692,662,662,662,662,720,720,662,662,720,720,720,720,683,683,683,683,683,683,683,683,684,684,684,684,684,684,684,684,588,670,670,670,670,670,670,670,685,685,685,685,693,702,693,693,693,693,693,693,693,693,693,693,646,646,646,649,688,688,688,688,688,688,688,688,694,694,694,694,664,664,686,686,686,686,686,703,665,665,665,665,666,666,666,666,695,695,695,707,707,707,707,707,707,707,707,707,707,679,679,679,679,679,679,698,698,698,643,643,643,643,699,699,699,680,680,689,689,689,721,721,721,700,700,681,700,700,700,681,681,656,656,656,656,656,701,701,701,701,701,659,690,690,690,690,672,672,672,673,673,673,673,673,696,696,682,682,682,696,696,696,687,687,687,687,687,704,704,641,641,641,641,641,641,641,641,641,641,674,674,691,691,674,674,674,674,674,674,674,674,674,675,675,675,675,697,697,697,697,697,697,675,675,697,697,697,697,660,660,660,660,660,660,660,660,669,669,669,669,676,676,676,676,676,676,676,676,676,676,676,676,661,661,637,637,661,661,661,661,661,661,661,661,677,677,677,677,677,677,678,678,678,678
692,692,692,692,692,692,692,692,692,692,692,692,662,662,662,662,720,720,720,720,720,720,720,720,683,683,683,683,683,683,683,683,683,684,684,684,684,684,684,684,588,670,670,670,670,670,670,670,670,670,670,685,702,702,702,693,693,693,693,693,693,693,693,693,646,646,646,688,688,688,688,688,688,705,705,694,694,694,694,694,694,686,686,686,703,703,703,703,665,665,665,665,666,666,666,666,695,695,695,695,707,706,706,707,707,707,707,707,707,679,707,679,679,679,698,698,698,699,699,699,699,699,699,699,699,680,689,689,689,689,721,721,721,700,700,700,700,737,737,737,708,656,656,701,701,701,701,701,701,701,701,690,690,690,690,672,672,672,709,709,709,673,673,696,696,696,696,682,682,696,696,696,687,710,710,710,687,704,704,641,641,641,641,641,641,641,641,641,641,674,674,691,691,674,674,674,674,674,674,674,674,674,675,675,675,675,711,711,711,711,697,697,697,697,697,697,697,697,660,660,660,660,660,660,660,660,669,669,669,669,676,676,676,676,676,676,676,676,676,676,676,676,661,661,637,637,661,661,661,661,661,661,661,661,677,677,677,677,677,678,678,678,678,678
692,692,692,692,692,692,692,692,692,692,692,692,662,662,662,662,662,662,720,720,720,720,683,683,683,683,683,683,683,683,683,683,683,684,684,684,684,684,684,684,588,670,670,670,670,712,712,712,713,670,713,713,713,713,702,702,702,693,693,693,693,693,693,693,693,693,688,688,688,688,688,688,705,705,705,694,694,694,694,694,694,686,686,686,703,703,703,703,703,665,665,665,665,666,695,666,695,695,695,695,707,707,706,706,706,706,707,707,707,707,707,698,698,698,698,698,699,699,699,699,699,699,699,699,699,680,689,689,721,721,721,721,721,700,700,700,700,737,737,708,708,656,656,656,701,701,701,701,701,701,701,690,690,690,690,672,672,709,709,709,709,673,696,696,696,696,696,696,696,696,696,696,687,687,710,710,704,704,704,704,704,704,641,641,641,641,641,641,641,674,691,691,691,674,674,674,674,674,675,675,675,675,675,675,711,711,711,711,711,711,697,697,697,697,697,697,697,697,697,697,669,669,669,669,669,669,669,669,669,669,669,669,676,676,676,676,676,676,676,676,676,676,661,661,637,637,661,661,661,661,714,714,661,661,677,677,677,677,677,678,678,678,678,678
692,692,692,692,692,692,692,692,692,692,692,692,662,662,662,662,662,662,720,720,720,720,683,683,683,683,683,683,683,683,683,683,683,683,684,684,684,684,684,684,588,670,712,670,670,670,712,712,713,713,713,713,713,713,702,702,702,702,702,702,702,702,702,702,715,693,693,688,688,688,688,688,705,705,705,694,694,694,694,694,694,686,716,703,703,703,703,703,703,703,665,665,665,695,695,695,695,695,695,695,695,707,706,706,706,706,706,706,706,706,698,698,698,698,698,698,699,699,699,699,699,699,699,680,680,680,689,689,721,721,721,721,721,700,700,700,737,737,737,708,708,656,656,701,701,701,701,701,701,701,690,690,690,690,690,672,672,672,709,709,709,709,709,696,696,696,696,696,696,696,696,696,687,687,710,704,704,704,704,704,704,704,704,641,641,641,641,641,641,674,691,691,691,674,674,674,674,674,675,675,675,675,675,675,711,711,711,711,711,711,697,697,697,697,697,697,697,697,697,697,669,669,669,669,669,669,669,669,669,669,669,669,676,676,676,676,717,717,676,676,676,676,661,661,661,661,661,661,661,661,714,714,661,661,677,677,677,677,677,678,678,678,678,678
692,692,692,692,692,692,692,692,692,692,692,718,718,718,718,662,662,720,720,720,720,720,720,683,683,683,683,683,683,683,683,683,683,683,683,684,684,684,684,684,670,670,712,670,712,712,712,712,713,713,713,713,713,713,702,702,702,702,702,702,702,702,702,742,715,693,693,693,688,688,688,688,705,705,705,694,694,694,694,694,694,694,716,716,716,716,703,703,703,703,703,703,665,695,695,695,695,695,695,735,695,707,707,706,706,706,706,706,706,706,698,698,698,698,698,699,699,699,699,699,699,699,680,680,680,689,689,689,689,689,721,721,700,700,737,737,737,737,737,708,708,656,656,701,701,701,701,701,701,701,690,719,690,690,690,672,672,672,709,709,709,709,709,696,696,696,696,696,696,696,696,696,710,710,710,704,704,704,704,704,704,704,704,704,641,641,641,641,641,691,691,691,691,674,674,674,674,674,674,675,675,675,675,675,675,711,711,711,711,711,711,697,697,697,697,697,697,697,697,697,697,669,669,669,669,669,669,669,669,669,669,676,676,676,676,717,717,717,717,676,676,661,661,661,661,714,714,661,661,714,714,714,714,661,661,661,661,677,677,678,678,678,678,678
692,692,692,692,692,692,692,692,692,692,692,718,718,718,718,662,662,740,740,720,720,720,720,683,683,720,720,683,683,683,683,683,683,683,683,684,684,684,684,684,670,670,712,712,712,712,712,712,713,713,713,713,713,702,702,702,702,702,702,702,702,702,742,742,715,715,715,715,715,688,688,688,705,705,705,705,694,694,694,694,694,716,716,716,716,716,743,703,703,703,703,734,695,695,695,695,695,695,695,735,707,707,707,706,706,706,706,706,706,706,698,698,698,698,698,699,699,699,699,699,699,699,680,680,680,689,689,689,689,689,721,721,700,721,721,737,737,737,737,708,708,656,656,656,701,701,701,701,701,701,719,719,690,690,690,709,709,709,709,709,709,709,709,696,696,696,696,696,696,696,696,696,710,710,704,704,704,704,704,704,704,704,704,704,704,704,704,641,641,691,691,691,691,691,691,674,674,674,674,675,675,675,675,675,675,711,711,711,711,711,711,697,697,697,697,697,697,697,697,697,697,669,669,669,669,669,669,676,676,676,676,676,676,676,676,717,717,717,717,717,717,661,661,661,661,714,714,661,661,714,714,714,714,714,714,661,661,677,677,677,678,678,678,678
692,692,692,692,692,692,692,718,718,718,718,718,718,718,718,718,718,740,740,720,720,720,720,720,720,720,720,683,683,683,683,683,683,683,683,684,684,684,684,684,670,670,712,712,712,712,713,713,713,713,713,713,713,713,713,722,722,722,702,702,742,742,742,715,715,715,715,715,715,688,688,705,705,705,705,705,716,716,694,694,716,716,716,716,743,743,743,703,703,734,734,734,695,695,695,695,695,695,695,735,707,707,707,706,706,706,706,706,706,706,698,698,698,698,698,736,736,699,699,699,699,699,680,680,680,723,728,689,689,689,689,721,721,721,721,721,737,737,708,708,708,656,656,656,701,701,701,701,701,701,719,690,690,690,690,709,709,724,724,709,709,709,709,709,709,725,725,696,710,710,710,696,710,710,704,704,704,704,704,704,704,704,704,704,704,704,704,704,704,704,691,691,691,691,691,691,674,674,726,726,726,726,675,675,675,675,711,711,711,711,711,711,697,697,697,697,697,697,697,697,669,669,669,669,676,676,676,676,676,676,676,676,676,676,676,676,717,717,717,717,717,717,717,717,661,661,714,714,661,661,714,714,714,714,714,714,677,677,677,677,678,678,678,678
692,692,692,692,692,692,692,718,718,718,718,718,718,718,718,718,718,740,740,720,720,720,720,720,720,720,720,720,720,683,683,683,684,684,684,684,684,684,684,684,727,670,712,712,712,713,713,713,713,713,713,713,713,713,713,713,722,722,702,702,742,742,715,715,715,715,715,715,705,705,688,705,705,705,705,705,716,716,716,716,716,716,716,716,743,743,703,703,703,734,734,734,695,695,695,695,695,695,735,735,706,706,706,706,706,706,706,698,698,698,698,698,698,698,698,736,736,699,699,699,699,699,699,723,723,723,728,728,728,689,728,721,721,721,721,721,737,708,708,708,708,708,708,708,719,701,701,701,701,719,719,719,724,724,724,709,709,724,709,709,709,709,709,725,725,725,725,710,710,710,710,710,710,729,704,704,704,704,704,704,704,704,704,704,704,704,704,704,704,704,691,691,691,691,726,726,726,726,726,726,726,726,675,675,675,675,711,711,711,711,711,711,697,697,697,697,697,697,697,697,697,697,730,730,676,676,717,717,717,717,717,717,717,717,676,676,717,717,717,717,717,717,717,717,661,661,714,714,661,661,714,714,714,714,714,714,677,677,677,678,678,678,678,678
692,692,692,692,692,692,692,718,718,718,718,718,718,718,718,718,718,740,740,740,740,720,720,720,720,720,720,720,720,683,683,683,684,684,684,684,684,684,684,727,727,727,712,712,712,712,713,713,713,713,713,713,713,713,722,722,722,742,742,742,742,742,715,715,715,715,715,715,705,705,705,705,705,705,705,705,716,716,716,716,716,716,716,716,743,743,703,703,734,734,734,734,695,695,695,695,695,735,735,706,706,706,706,706,706,706,698,698,698,731,731,731,736,736,736,736,736,699,699,699,699,699,723,723,723,723,728,728,728,728,728,721,721,721,721,721,737,737,737,708,708,708,708,708,719,719,719,719,701,719,719,719,724,724,724,724,724,724,709,709,709,732,709,709,725,725,725,725,710,710,710,710,729,729,704,704,704,704,704,704,704,704,704,704,704,704,691,691,691,691,691,691,691,691,726,726,711,711,711,711,711,711,675,675,711,711,711,711,711,711,711,711,697,697,730,730,730,730,697,697,697,697,730,730,730,730,717,717,717,717,717,717,717,717,676,676,717,717,717,717,717,717,717,717,661,661,714,714,714,714,714,714,714,714,677,677,677,677,677,678,678,678,678,678
692,692,692,692,692,692,692,762,762,762,762,718,718,718,718,718,718,740,740,740,740,720,720,720,720,720,720,720,720,720,720,683,683,684,684,684,684,684,684,727,712,727,712,713,713,713,713,713,713,713,713,713,722,722,722,742,742,742,742,742,742,742,715,715,715,715,715,715,715,715,715,715,705,705,733,705,705,716,716,716,716,716,716,716,743,743,703,703,734,734,734,734,695,695,695,734,734,734,735,735,706,735,706,698,698,698,698,698,698,731,731,731,736,736,736,736,736,699,736,736,723,723,723,723,723,723,723,728,728,728,728,728,721,721,721,721,737,737,737,737,708,737,708,708,708,719,719,719,719,719,719,724,724,724,724,724,724,724,724,724,732,732,732,725,725,725,725,725,725,725,725,729,729,729,704,704,704,704,704,704,704,704,704,704,704,704,691,691,691,691,691,691,691,691,726,726,711,711,711,711,711,711,675,675,711,711,711,711,711,711,711,711,697,697,730,730,730,730,730,730,730,730,730,730,730,730,717,717,717,717,717,717,717,717,676,676,717,717,717,717,717,717,717,717,661,661,714,714,714,714,714,714,714,714,677,677,677,677,677,678,678,678,678,678
692,692,692,692,692,692,692,762,762,762,762,718,718,718,718,718,718,740,740,740,740,740,740,740,740,740,740,720,720,720,720,683,683,684,684,684,684,684,684,727,712,727,712,712,713,713,738,713,713,713,713,713,722,722,722,722,742,739,739,739,739,742,742,742,742,742,715,715,715,715,715,715,705,705,733,733,733,733,716,716,743,716,716,716,743,743,703,703,734,734,734,734,734,734,734,734,735,735,735,735,735,735,735,735,698,698,731,731,731,731,731,731,736,736,736,736,736,736,736,736,723,723,723,723,723,723,723,728,728,728,728,721,721,721,721,721,737,737,737,737,737,737,708,708,708,719,719,719,719,719,719,755,755,724,724,724,724,724,724,724,732,732,732,732,725,725,725,725,725,725,729,729,729,729,704,704,704,704,704,704,704,704,691,691,691,691,691,691,691,691,691,691,691,691,726,726,711,711,711,711,711,711,675,675,711,711,711,711,711,711,711,711,697,697,730,730,730,730,730,730,730,730,730,730,730,730,717,717,717,717,717,717,717,717,676,676,717,717,717,717,717,717,717,717,661,661,714,714,714,714,714,714,714,714,677,677,677,677,678,678,678,678,678,678
762,762,762,762,762,762,762,762,762,762,762,762,762,718,718,740,740,740,740,740,740,740,740,740,740,740,740,720,720,720,720,740,740,740,684,684,684,684,727,727,712,712,712,712,713,741,738,738,738,738,738,738,722,722,722,722,722,722,739,739,739,739,739,739,739,742,715,742,715,715,715,715,705,705,733,733,733,733,743,743,743,743,743,743,743,743,703,703,743,743,734,734,734,734,734,734,735,735,735,735,735,735,735,735,746,698,698,731,731,731,731,731,731,736,736,736,736,736,736,736,723,723,723,723,723,723,723,728,728,728,728,728,721,721,721,737,737,737,737,737,737,708,708,708,708,708,708,719,744,719,744,755,755,755,724,724,724,724,724,724,732,732,732,732,725,725,725,725,725,729,729,729,729,729,704,704,704,704,704,704,704,704,691,691,691,691,691,691,691,691,726,726,726,726,726,726,711,711,711,711,711,711,675,675,711,711,711,711,711,711,711,711,697,697,730,730,730,730,730,730,730,730,730,730,730,730,730,730,717,717,717,717,717,717,676,676,717,717,661,661,661,661,661,661,661,661,661,661,714,714,714,714,714,714,677,677,677,677,678,678,678,678,678,678
762,762,762,762,762,762,762,762,762,762,762,762,762,718,718,740,740,740,740,740,740,740,740,740,740,740,740,740,740,720,720,740,740,740,684,684,684,771,771,727,712,712,712,712,741,741,738,738,738,738,738,738,738,722,722,722,722,722,739,739,739,739,739,742,742,742,715,742,715,715,715,715,733,733,733,733,733,733,733,733,743,743,743,743,743,743,743,743,743,743,745,745,745,745,734,734,735,735,735,735,735,735,735,735,746,698,746,731,731,747,731,731,731,736,736,736,736,736,736,723,723,723,723,723,723,728,728,728,728,728,728,728,721,721,721,737,737,737,737,737,737,748,748,708,708,708,708,744,744,744,744,755,755,755,724,724,724,724,724,724,732,732,732,732,732,725,725,725,729,729,729,729,729,729,729,729,704,704,704,704,704,704,704,704,691,691,691,691,691,691,726,726,726,726,726,726,711,711,711,711,711,711,675,675,711,711,711,711,787,787,787,787,787,787,730,730,730,730,730,730,730,730,730,730,730,730,730,730,717,717,717,717,717,717,676,676,717,717,661,661,661,661,661,661,661,661,661,661,714,714,714,714,714,714,677,677,677,677,678,678,678,678,678,678
762,762,762,762,762,762,762,762,762,762,762,718,718,718,718,718,718,718,718,740,740,740,740,740,740,740,740,740,740,740,740,740,740,740,684,684,684,771,727,727,727,727,712,741,741,741,738,738,738,738,738,738,738,722,722,722,722,722,722,739,739,739,739,739,742,742,742,742,742,715,715,715,733,733,733,733,733,733,733,733,743,743,743,749,743,743,743,743,743,743,743,743,743,745,745,745,745,745,745,735,735,735,746,735,746,746,746,731,731,747,731,731,731,731,736,736,736,736,753,723,723,723,723,723,723,723,728,728,728,728,728,728,728,721,721,737,737,737,737,737,737,748,748,748,748,748,744,744,744,744,744,755,755,755,755,755,732,732,732,732,732,732,732,732,725,725,725,729,729,729,729,729,729,729,729,729,729,704,704,704,704,704,704,704,691,691,691,691,691,691,726,726,726,726,726,726,711,711,711,711,711,711,675,675,711,711,711,711,787,787,787,787,787,787,730,730,730,730,730,730,730,730,730,730,730,730,730,730,717,717,717,717,717,717,676,676,717,717,750,750,750,750,750,750,750,750,750,750,750,750,714,714,714,714,677,677,677,677,678,678,678,678,678,678
762,762,762,762,762,762,762,762,762,762,762,718,718,718,718,718,718,718,718,740,740,740,740,740,740,740,740,740,740,740,740,740,740,740,684,684,684,771,727,727,727,741,741,741,741,741,738,738,738,738,738,722,722,722,722,722,722,722,722,722,739,739,739,739,739,739,739,751,751,751,751,715,733,733,733,733,733,733,752,733,743,743,743,749,749,743,743,743,743,743,743,743,743,745,745,745,745,745,745,746,746,746,746,746,746,746,746,747,747,747,731,731,731,731,731,753,753,753,753,753,753,723,723,723,753,753,728,728,728,754,754,728,728,721,721,737,737,737,748,748,748,748,748,748,748,744,744,744,744,744,744,755,755,755,755,755,732,732,755,755,732,732,732,732,725,725,729,729,729,729,729,729,729,729,729,729,729,704,704,704,704,704,704,704,691,691,691,691,726,726,726,726,726,726,726,726,726,726,711,711,711,711,711,711,711,711,711,711,787,787,787,787,787,787,730,730,730,730,787,787,787,787,787,787,730,730,730,730,717,717,717,717,717,717,717,717,717,717,750,750,750,750,750,750,750,750,750,750,750,750,714,714,714,714,714,714,714,714,678,678,678,678,678,678
762,762,762,762,762,762,762,762,762,762,762,718,718,718,718,718,718,718,718,740,740,740,740,740,740,740,740,740,740,740,740,801,801,801,684,684,684,771,727,727,741,741,741,741,741,741,738,738,738,756,756,756,722,722,722,722,722,722,722,722,739,739,739,751,751,751,739,751,751,751,751,751,733,733,752,752,733,733,752,752,752,752,743,749,743,743,743,743,763,763,763,743,743,745,745,745,745,745,745,745,746,746,746,746,746,746,746,746,747,747,731,731,731,731,731,757,753,753,753,753,753,753,753,753,753,753,753,753,754,754,754,754,748,748,748,737,737,748,748,748,748,748,758,758,744,744,744,744,744,755,755,755,755,755,755,755,755,755,755,755,755,725,725,725,725,729,729,729,729,729,729,729,729,729,729,729,729,704,704,704,704,704,704,704,691,691,691,691,726,726,726,726,726,726,726,726,726,726,711,711,711,711,711,711,711,711,711,711,787,787,787,787,787,787,787,787,787,787,787,787,787,787,787,787,759,759,759,759,759,759,759,759,717,717,717,717,717,717,750,750,750,750,750,750,750,750,750,750,750,750,750,750,782,782,782,782,714,714,678,678,678,678,678,678
762,762,762,762,762,762,762,762,762,762,762,718,718,718,718,718,718,718,718,740,740,740,740,740,740,740,740,740,740,740,740,801,801,801,801,801,801,771,727,727,771,741,741,741,741,741,738,738,738,756,756,756,722,722,722,722,722,722,722,739,739,739,751,751,751,751,751,751,751,751,751,751,733,733,752,752,752,733,752,752,752,752,749,749,749,749,763,763,763,763,763,763,745,745,745,745,745,745,745,746,746,746,746,746,746,746,746,746,747,747,731,731,731,731,731,757,753,753,753,753,753,753,753,753,753,753,760,760,754,754,754,754,748,748,748,748,748,748,748,748,748,748,758,758,758,744,744,744,744,755,755,755,755,755,755,755,761,761,761,761,755,725,725,725,804,729,729,729,729,729,729,729,729,729,729,729,729,704,704,704,704,704,704,704,704,704,704,704,704,704,726,726,726,726,726,726,726,726,726,726,726,726,726,726,726,726,787,787,787,787,787,787,787,787,787,787,787,787,787,787,787,787,787,787,759,759,759,759,759,759,759,759,759,759,759,759,750,750,750,750,750,750,750,750,750,750,750,750,750,750,750,750,782,782,782,782,714,714,678,678,678,678,678,678
762,762,762,762,762,762,762,762,762,762,762,718,718,718,718,718,718,718,718,718,718,718,718,762,762,762,762,762,762,740,740,801,801,801,801,801,801,771,727,771,771,741,741,741,741,741,738,738,738,756,756,756,756,756,756,756,722,722,739,739,739,739,739,751,751,751,751,751,751,751,751,751,751,752,752,752,752,752,752,752,752,752,752,752,749,749,749,763,763,763,763,763,745,745,745,763,745,745,746,746,746,746,746,746,746,746,746,747,747,747,731,731,731,731,731,757,757,757,753,753,753,753,753,753,753,760,760,760,760,754,754,754,754,748,748,748,748,748,748,748,748,748,758,758,758,744,744,744,744,755,755,764,764,755,764,761,761,761,761,761,755,755,725,804,804,729,729,729,729,729,729,729,729,729,729,729,729,704,704,704,765,765,765,765,765,765,765,765,704,704,726,726,726,726,726,726,726,726,726,726,726,726,726,726,726,726,779,779,779,779,787,787,787,787,787,787,787,787,787,787,787,787,787,787,759,759,759,759,759,759,759,759,759,759,759,759,750,750,750,750,750,750,750,750,750,750,750,750,782,782,782,782,782,782,782,782,678,678,678,678,678,766,678,678
762,762,762,762,762,762,762,762,762,762,762,762,762,762,762,762,762,762,762,762,762,718,718,762,762,762,762,762,762,740,740,801,801,801,801,801,771,771,771,771,741,741,741,741,741,741,738,738,738,738,756,756,756,756,756,756,756,756,756,756,756,739,739,739,751,751,751,751,751,751,751,751,751,752,752,752,752,752,752,752,752,752,752,752,749,749,749,749,763,763,763,763,763,763,763,763,763,745,746,746,746,746,746,746,746,746,746,747,747,747,731,731,731,757,757,757,757,757,753,753,753,753,753,753,753,760,760,760,760,754,754,754,754,748,748,748,748,748,748,748,748,748,758,758,758,758,744,744,744,755,764,764,764,764,764,761,761,761,761,761,755,725,725,804,804,804,804,804,804,729,729,729,729,729,729,729,729,704,704,704,765,765,765,765,765,765,765,765,704,704,704,704,726,726,726,726,726,726,726,726,726,726,726,726,726,726,779,779,779,779,779,779,787,787,787,787,787,787,787,787,787,787,787,787,759,759,759,759,759,759,759,759,759,759,759,759,750,750,750,750,750,750,750,750,750,750,750,750,782,782,782,782,782,782,782,782,678,678,678,678,766,766,678,678
767,767,767,767,767,767,767,767,767,767,767,767,767,767,767,767,767,767,767,762,762,718,718,762,762,762,762,801,801,801,801,801,801,801,801,801,801,771,771,741,741,741,741,741,741,741,738,756,756,756,756,756,756,756,756,756,756,756,756,756,768,768,768,768,768,768,768,768,751,751,751,751,751,751,751,752,752,752,752,752,752,752,752,752,752,749,749,749,763,763,763,763,763,763,763,763,763,745,746,746,746,746,746,746,746,746,746,747,747,747,757,757,757,757,757,757,753,753,753,753,753,753,753,753,753,760,760,760,760,760,754,754,754,748,748,748,748,748,748,748,748,758,758,758,758,758,744,744,764,764,764,764,764,764,761,761,761,761,761,761,761,804,804,804,804,804,804,804,804,729,729,729,729,729,729,729,729,765,765,765,765,765,765,765,765,765,765,765,765,765,765,765,765,765,765,765,726,726,726,726,726,726,726,726,726,726,779,779,779,779,779,779,787,787,787,787,787,787,787,787,787,787,787,787,759,759,759,759,759,759,759,759,759,759,759,759,750,750,782,782,782,782,782,782,782,782,782,782,782,782,782,782,782,782,782,782,678,678,678,766,766,766,678,678
767,767,767,767,767,767,767,767,767,767,767,767,767,767,767,767,767,767,767,762,762,762,762,762,762,762,762,801,801,801,801,801,801,801,801,801,801,771,771,741,741,741,741,741,741,741,756,756,756,756,756,756,756,756,756,756,756,756,756,756,768,768,768,768,768,768,768,768,768,768,768,751,751,752,751,752,752,752,752,752,752,749,749,749,749,749,749,749,763,763,763,763,763,763,763,763,763,745,745,745,746,746,746,746,746,746,746,747,747,747,757,757,757,757,757,757,757,757,753,753,753,753,753,753,753,760,760,760,760,760,754,754,754,754,748,748,748,748,748,748,769,758,758,758,758,744,744,744,744,764,764,764,764,764,764,761,761,761,761,761,761,804,804,804,804,804,804,804,804,729,729,729,729,729,729,770,770,765,765,765,765,765,765,765,765,765,765,765,765,765,765,726,726,726,726,726,726,726,726,726,726,726,726,726,726,779,779,779,779,770,770,779,779,787,787,787,787,787,787,787,787,787,787,759,759,759,759,759,759,759,759,759,759,759,759,759,759,782,782,782,782,766,766,766,766,766,766,766,766,782,782,766,766,766,766,678,678,766,766,766,766,766,678,678
767,767,767,767,767,767,767,767,767,767,767,767,767,767,767,767,767,767,767,784,784,784,784,801,801,801,801,801,801,801,801,801,801,801,801,794,794,771,741,741,741,741,741,771,771,741,756,756,756,756,756,772,756,756,756,756,756,772,756,756,773,768,768,768,768,768,773,768,768,768,768,751,751,752,752,752,752,752,752,752,752,749,749,749,749,749,749,763,763,763,763,763,774,774,774,774,745,745,745,745,746,746,747,747,747,747,747,747,747,747,775,775,775,757,757,757,757,757,753,753,753,753,775,775,775,760,775,775,760,760,769,754,754,754,748,748,748,748,748,748,769,758,758,744,744,744,744,744,744,744,764,764,764,761,761,761,761,761,761,761,804,804,804,804,804,804,804,804,804,804,804,804,729,729,729,770,770,770,770,770,770,770,770,765,765,765,765,765,765,765,765,765,765,765,765,726,726,726,726,726,726,726,726,726,726,779,779,779,779,770,770,779,779,787,787,787,787,787,787,787,787,787,787,759,759,759,759,759,759,759,759,759,759,759,759,759,759,782,782,782,782,766,766,766,766,766,766,766,766,766,766,766,766,766,766,678,678,766,766,766,766,766,678,678
767,767,767,767,767,767,767,767,767,767,767,767,767,767,767,767,767,767,767,784,784,784,784,801,801,801,801,801,801,801,801,801,801,801,801,794,794,771,771,741,771,771,771,771,771,772,772,772,772,772,772,772,772,772,772,756,756,772,772,773,773,768,768,768,768,773,773,776,776,776,776,776,776,776,752,752,752,776,752,749,749,749,749,749,749,749,763,763,763,777,777,777,777,774,774,774,774,774,774,774,774,747,747,747,747,747,747,747,747,747,775,775,775,775,757,775,757,753,753,753,775,775,775,775,775,775,775,775,760,760,769,769,754,754,748,769,748,769,769,769,769,758,758,758,758,758,744,778,778,744,778,764,764,761,761,761,761,761,761,804,804,804,804,804,804,804,804,804,804,804,804,804,729,729,729,729,770,770,770,770,770,770,770,770,770,770,770,770,770,770,765,765,765,765,765,765,765,765,765,765,765,765,765,765,770,770,779,779,770,770,779,779,787,787,787,787,779,779,787,787,787,787,787,787,787,787,759,759,759,759,759,759,759,759,759,759,782,782,782,782,782,782,766,766,766,766,766,766,766,766,766,766,766,766,766,766,766,766,766,766,766,766,766,766
784,784,784,784,784,784,784,784,784,784,784,784,784,784,784,784,767,767,784,784,784,784,784,784,801,801,801,801,801,801,801,801,801,801,801,794,794,771,771,771,771,771,780,771,780,780,780,772,772,772,772,772,772,756,756,756,756,772,772,772,773,773,773,768,773,773,773,773,773,776,776,776,776,776,776,776,776,776,776,776,776,749,749,749,777,777,777,777,777,777,777,777,777,774,774,774,774,774,774,774,774,774,747,747,747,747,747,747,747,747,775,775,775,775,775,775,775,775,775,775,775,775,775,775,775,775,775,775,760,760,769,769,769,754,748,769,769,769,769,769,769,758,758,758,758,758,778,778,778,778,778,778,778,778,778,778,778,781,781,781,781,781,804,804,804,804,804,804,804,804,804,804,729,729,729,804,804,770,770,804,804,770,770,770,770,770,770,770,770,770,770,770,770,770,770,765,765,765,765,765,765,770,770,770,770,770,770,770,770,805,805,779,779,779,779,779,779,779,779,779,779,787,787,787,787,787,787,787,787,782,782,782,782,782,782,782,782,782,782,782,782,782,782,782,782,782,782,766,766,782,782,766,766,782,782,782,782,782,766,766,766,783,766,766
784,784,784,784,784,784,784,784,784,793,793,793,793,784,784,784,784,784,784,784,784,784,784,784,784,801,801,784,784,784,784,801,801,801,801,794,794,794,771,771,771,771,780,771,780,780,780,780,780,772,772,772,772,756,756,772,772,772,772,772,772,773,773,773,773,773,773,773,773,776,776,776,776,776,776,776,776,785,785,785,777,777,777,777,777,777,777,777,777,777,777,777,777,774,774,774,774,774,774,774,774,774,774,774,774,747,747,747,747,747,747,775,775,775,775,775,786,786,786,786,786,786,786,786,775,775,775,775,760,760,760,769,769,769,769,769,769,769,769,769,769,758,758,758,758,758,778,778,778,778,778,778,778,778,778,778,781,781,781,781,781,781,804,804,804,804,804,804,804,804,809,804,804,804,804,804,804,804,804,804,804,804,804,804,770,770,770,770,770,770,770,770,770,770,770,770,770,770,770,770,770,770,770,770,805,805,805,805,805,805,805,805,805,805,805,805,779,779,779,779,779,779,779,779,779,779,779,779,787,787,787,787,782,782,787,787,787,787,782,782,782,782,782,782,782,782,782,782,782,782,782,782,782,782,792,792,782,782,766,766,783,783,766,766
784,784,784,784,784,784,784,784,793,793,788,788,793,793,793,793,793,793,784,784,784,784,784,784,784,784,784,784,784,784,784,784,801,801,801,794,794,794,794,794,771,771,780,780,780,780,780,780,780,780,780,772,772,772,772,772,772,772,772,772,772,773,773,773,773,773,773,773,823,823,785,785,785,785,785,785,785,785,785,777,777,777,777,777,777,777,777,777,777,777,777,777,777,774,774,774,774,774,774,774,774,774,774,774,774,774,803,803,803,803,803,803,803,803,803,803,786,786,786,786,786,786,786,786,786,786,775,775,760,760,760,760,769,769,769,769,769,769,769,769,769,769,758,758,758,778,778,778,778,778,778,778,778,778,781,781,781,781,781,781,781,781,804,804,804,804,804,804,804,804,809,809,809,809,809,809,809,809,809,809,809,804,804,770,770,770,770,789,789,770,770,770,770,770,770,770,770,770,770,770,770,770,770,805,805,805,805,805,805,805,805,805,805,805,805,805,805,779,779,779,779,779,779,779,779,779,779,779,779,787,787,787,787,787,787,790,790,790,790,782,782,782,782,791,791,791,791,782,782,792,792,792,792,792,792,792,782,766,766,792,783,783,766,766
784,793,793,784,784,793,793,793,793,788,788,788,788,793,793,793,793,793,793,793,793,793,793,784,784,784,784,784,784,793,793,784,801,794,794,794,794,794,794,794,794,794,794,794,794,794,780,780,794,794,794,794,794,794,794,794,794,794,795,795,795,795,795,795,795,823,823,823,823,823,785,785,785,785,785,785,785,785,785,785,777,777,777,777,777,777,777,777,777,777,777,777,777,777,777,774,774,774,774,774,774,774,774,803,803,803,803,803,803,803,803,803,803,803,803,803,786,786,786,786,786,786,786,786,786,786,786,775,760,760,760,760,769,769,769,769,796,769,769,769,769,758,758,758,758,758,778,778,778,778,778,778,778,781,781,781,781,781,781,781,781,781,804,804,804,804,804,804,804,804,804,804,804,804,809,809,809,809,770,770,770,770,770,770,770,770,789,789,789,789,770,770,770,770,770,770,770,770,770,770,770,770,805,805,805,805,805,805,805,805,805,805,779,779,779,779,779,779,779,779,779,779,779,779,779,779,790,790,790,790,790,790,790,790,790,790,782,782,790,790,782,782,791,791,791,791,792,792,792,792,792,792,792,792,792,792,766,766,792,792,783,783,766,766
793,793,793,793,793,793,797,797,797,797,797,797,788,788,788,788,788,788,793,793,793,793,793,793,793,793,793,793,793,793,784,784,801,794,794,794,794,794,794,794,794,794,794,794,794,794,794,794,794,794,794,794,794,794,794,794,794,794,795,795,795,795,795,795,795,823,823,823,823,823,785,785,785,785,785,785,785,785,785,785,807,777,777,777,777,777,777,777,777,777,777,777,777,777,777,777,777,774,774,774,774,774,774,774,774,774,803,803,803,803,803,803,803,803,803,803,786,786,786,786,786,786,786,786,786,786,786,786,786,760,760,760,760,760,760,760,796,796,769,798,769,798,758,758,758,798,798,798,778,778,778,778,781,781,781,781,781,781,781,781,781,781,804,804,804,804,804,804,804,804,804,804,804,804,809,809,809,809,770,770,770,770,789,789,789,789,789,789,789,789,770,770,770,770,805,805,805,805,805,805,805,805,805,805,805,805,805,805,805,805,805,805,779,779,779,779,779,779,779,779,779,779,779,779,779,779,790,790,790,790,790,790,790,790,790,790,782,782,782,782,782,782,791,791,791,791,792,792,792,792,792,792,792,792,792,792,766,766,792,792,783,766,766,766
793,793,793,793,793,797,797,797,797,797,797,797,797,788,788,788,788,799,799,799,799,799,799,799,799,793,793,793,793,799,784,784,801,794,794,794,801,801,801,794,794,794,794,794,794,794,794,794,794,794,794,794,794,794,794,794,794,794,794,795,795,795,795,795,795,823,785,785,785,785,785,785,785,785,785,785,785,785,807,807,807,777,777,777,777,777,777,777,777,777,777,777,777,777,777,777,777,774,774,774,774,774,774,774,774,774,803,803,803,803,803,786,786,786,786,786,786,786,786,786,786,786,786,786,786,786,786,786,786,786,796,796,796,796,796,796,796,796,796,798,769,798,758,758,798,798,798,798,798,798,778,781,781,781,781,781,781,781,781,781,781,781,804,804,804,804,804,804,804,804,809,809,809,809,809,809,809,809,789,789,770,770,789,789,789,789,789,789,789,789,789,789,789,789,805,805,805,805,805,805,805,805,805,805,805,805,805,805,805,805,805,805,779,779,779,779,779,779,800,800,800,800,800,800,779,779,790,790,790,790,790,790,790,790,790,790,791,791,791,791,791,791,791,791,791,791,791,791,792,792,792,792,792,792,792,792,792,766,766,792,783,766,766,766
793,793,793,793,793,797,797,797,797,797,797,797,797,788,788,788,788,799,799,799,799,799,799,799,799,799,799,799,799,799,784,784,801,794,794,794,801,801,801,794,794,794,794,801,801,801,794,794,794,794,794,794,794,794,794,794,794,794,794,795,795,795,795,795,795,823,785,785,785,785,785,785,785,785,785,785,785,785,807,807,807,777,777,777,777,777,777,777,777,777,777,777,777,777,777,777,777,774,774,774,774,774,774,774,774,802,802,802,802,803,803,803,803,803,803,786,786,786,786,786,786,786,786,786,803,803,803,803,803,803,803,803,796,796,796,796,796,796,796,798,798,798,798,798,798,798,798,798,781,781,781,781,781,781,781,781,781,781,781,781,781,781,804,804,804,804,804,809,809,809,809,804,804,809,809,809,809,809,809,789,789,789,789,789,789,789,789,789,789,789,789,789,789,789,789,805,805,805,805,805,805,805,805,805,805,805,805,805,805,805,805,805,805,779,779,805,805,800,800,790,790,790,790,800,800,800,800,790,790,791,791,791,791,791,791,791,791,791,791,791,791,791,791,791,791,791,791,791,791,791,791,792,792,792,792,792,792,792,766,792,783,783,766,766
793,793,793,793,793,797,797,797,797,797,797,797,797,788,788,788,788,788,788,788,788,799,799,799,799,799,799,799,799,799,784,784,801,801,801,801,801,801,801,801,801,801,801,801,801,801,801,806,806,806,806,806,795,795,795,795,795,795,795,795,795,795,795,795,795,823,823,785,785,785,785,785,785,785,785,785,785,785,807,807,807,807,777,777,777,777,777,777,807,807,807,807,807,807,807,807,807,774,774,774,802,802,802,802,802,802,802,802,802,802,802,802,803,803,803,803,803,803,803,803,803,803,803,803,803,803,803,803,803,803,803,803,803,796,796,796,796,796,796,796,796,798,798,798,798,798,798,781,781,781,781,781,781,781,781,781,781,781,781,781,781,781,804,804,804,809,809,809,809,809,809,804,804,809,809,809,809,809,809,789,789,789,789,789,789,789,789,789,789,789,789,789,789,789,789,805,805,805,805,805,805,805,805,805,805,805,805,805,805,805,805,805,805,805,805,805,805,800,800,790,790,790,790,790,790,800,800,790,790,791,791,791,791,791,791,791,791,791,791,791,791,791,791,792,792,791,791,791,791,791,791,792,792,792,792,792,792,792,766,792,792,783,783,783
793,793,793,793,793,797,797,797,797,797,797,797,797,788,788,788,788,788,788,788,788,799,799,799,799,799,799,799,799,799,799,784,784,801,801,801,801,801,801,801,801,801,801,801,801,801,801,806,806,806,806,806,795,795,795,795,795,795,795,795,795,795,795,795,795,823,823,785,785,785,785,785,785,785,785,785,807,807,807,807,807,807,807,807,807,807,807,807,807,807,807,807,807,807,807,807,807,774,774,774,802,802,802,802,802,802,802,802,802,802,802,802,802,802,808,808,808,808,803,803,803,803,803,803,803,803,803,803,803,803,803,803,803,803,803,796,796,796,796,796,796,796,796,798,811,811,811,781,781,781,781,781,781,781,781,781,781,781,781,781,781,781,804,804,804,809,809,809,809,809,809,804,804,809,809,789,789,789,789,789,789,789,789,789,789,800,800,789,789,800,800,800,800,800,800,805,805,805,805,805,805,805,805,805,805,800,800,805,805,805,805,805,805,805,805,805,805,800,800,790,790,790,790,790,790,790,790,790,790,791,791,791,791,791,791,791,791,791,791,791,791,791,791,792,792,792,792,791,791,791,791,792,792,792,792,792,792,792,766,792,792,783,783,783
793,793,793,797,797,797,797,797,797,797,797,797,797,797,797,788,788,788,788,788,788,799,799,799,799,799,799,799,799,799,799,784,784,801,801,801,801,801,801,801,801,801,801,806,806,806,806,806,806,806,806,806,806,795,795,795,795,795,795,795,795,795,795,795,795,823,823,823,823,823,823,823,823,823,823,785,807,807,807,807,807,807,807,807,807,807,807,807,807,807,807,807,807,807,807,807,807,807,807,802,802,802,802,802,802,802,802,802,802,802,802,802,802,802,802,808,808,808,803,803,803,803,803,803,803,803,803,803,803,803,803,803,803,803,803,803,796,796,796,796,796,796,796,811,811,811,781,781,781,781,781,781,781,781,781,781,781,781,781,781,781,781,804,804,804,804,804,804,804,804,804,804,809,809,789,789,809,809,789,789,789,789,789,789,800,800,800,800,800,800,800,800,800,800,800,800,805,805,800,800,800,800,800,800,800,800,800,800,800,800,800,800,800,800,800,800,800,800,790,790,790,790,790,790,790,790,790,790,790,790,791,791,791,791,791,791,791,791,792,792,792,792,791,791,792,792,792,792,792,792,792,792,792,792,792,792,792,792,792,792,783,783,783,783
793,793,793,797,797,797,797,797,797,797,797,797,797,797,797,788,788,788,788,788,788,799,799,799,799,799,799,799,799,799,799,784,784,801,801,801,801,801,801,801,801,801,801,806,806,806,806,806,806,806,806,806,806,795,795,795,795,795,795,795,795,795,795,795,795,823,785,785,785,785,785,785,785,785,785,785,807,807,807,807,807,807,807,807,807,807,807,807,807,807,807,807,807,807,807,807,807,807,807,802,802,802,802,802,802,802,802,802,802,802,802,802,802,802,802,808,808,808,808,808,808,803,803,803,803,803,803,803,803,803,803,803,803,803,803,803,803,803,803,803,810,829,829,829,829,811,781,811,811,811,781,781,781,781,781,781,781,781,781,781,781,804,804,804,804,804,804,804,804,809,809,809,809,809,809,809,809,809,809,789,789,789,789,800,800,800,800,800,800,800,800,800,800,800,800,800,800,800,800,800,800,800,800,812,812,812,812,812,812,800,800,800,800,800,800,800,800,790,790,790,790,790,790,790,790,790,790,790,790,790,790,791,791,791,791,792,792,792,792,813,813,792,792,792,792,792,792,792,792,813,813,792,792,813,792,792,792,792,792,783,783,783,783,783
793,793,793,797,797,797,797,797,797,797,797,797,797,797,797,788,788,814,814,814,814,814,814,799,799,799,799,799,799,799,799,784,784,815,815,815,815,815,815,816,816,816,816,816,806,806,806,806,806,806,806,806,806,806,806,806,795,795,795,795,795,795,795,795,795,823,785,785,785,785,785,785,785,807,807,807,807,807,807,807,807,807,807,807,807,807,807,807,807,807,807,807,807,807,807,807,807,807,807,802,808,808,808,808,808,808,808,808,808,808,808,808,808,808,808,808,808,808,808,808,808,803,803,803,810,810,810,810,810,810,810,810,803,803,803,803,803,803,803,803,810,829,829,829,829,811,781,811,811,811,811,811,781,781,781,781,781,781,781,781,781,817,817,817,817,817,817,817,809,809,809,809,809,809,809,809,809,809,809,809,789,789,800,800,800,800,800,800,800,800,800,800,800,800,800,800,800,800,836,836,836,836,812,812,812,812,812,812,812,812,812,812,812,812,812,812,790,790,790,790,790,790,790,790,790,790,790,790,790,790,790,790,791,791,792,792,813,813,813,813,813,813,813,813,813,813,813,813,813,813,813,792,813,813,792,792,792,792,783,783,783,783,783,783
793,793,793,797,797,797,797,797,797,797,797,797,797,797,797,788,788,814,814,814,814,814,814,799,799,799,799,799,799,799,815,815,815,815,815,815,815,815,815,816,816,816,816,816,806,806,806,806,806,806,806,806,806,806,806,806,795,795,795,795,823,823,795,795,795,823,823,823,785,785,785,785,785,807,807,807,807,807,807,807,807,807,807,807,807,807,807,807,807,807,807,807,807,807,807,807,807,807,807,802,808,808,808,808,808,808,808,808,808,808,808,808,808,808,808,808,808,808,808,810,810,810,810,810,810,810,810,810,810,810,810,810,803,803,803,810,810,810,810,810,810,829,829,829,811,811,811,811,811,811,811,811,811,811,811,811,811,811,781,781,781,817,817,817,817,817,817,817,809,809,809,809,809,809,809,809,809,809,809,809,789,789,800,800,800,800,800,800,800,800,800,800,818,818,836,836,836,836,836,836,836,836,812,812,812,812,812,812,812,812,812,812,812,812,812,812,790,790,790,790,790,790,821,821,790,790,790,790,790,790,790,790,791,791,792,792,813,813,813,813,813,813,813,813,813,813,813,813,813,813,813,813,813,819,792,792,792,783,783,783,783,783,783,783
793,793,793,793,793,797,797,797,797,797,797,797,797,797,797,788,788,788,788,814,814,814,814,799,799,799,799,815,815,815,815,815,815,815,815,815,815,816,816,816,816,816,816,816,816,806,806,806,806,806,806,806,806,806,806,806,806,806,806,795,795,823,823,795,795,823,823,823,823,823,823,823,823,823,823,823,823,823,823,823,807,824,824,824,824,824,824,824,824,807,807,807,807,807,807,807,807,807,807,802,802,802,802,802,808,808,808,808,808,808,808,825,825,825,825,825,825,825,825,810,810,810,810,810,810,810,810,810,810,810,810,810,810,810,810,810,810,810,810,810,829,829,829,829,811,811,811,811,811,811,811,811,811,811,811,811,811,811,811,818,818,817,817,817,817,817,817,817,817,817,817,809,809,809,809,809,809,809,809,809,809,789,789,800,800,800,800,800,800,800,800,818,818,818,818,818,818,836,836,836,836,836,836,812,812,812,812,812,812,812,812,812,812,812,812,821,821,821,821,821,821,821,821,821,821,821,821,821,821,790,790,790,790,790,790,790,790,813,813,813,813,813,813,813,813,813,813,813,813,813,813,813,813,819,819,792,792,783,783,783,783,783,783,783
793,793,793,793,793,797,797,797,797,797,797,788,788,788,788,788,788,788,788,814,814,814,814,799,799,799,799,815,815,815,815,815,815,815,815,815,815,816,816,816,816,816,816,816,816,806,806,806,806,806,806,806,806,806,806,806,806,806,806,795,795,823,823,823,823,823,823,823,823,823,823,823,823,823,823,823,823,823,823,823,807,824,824,824,824,824,824,824,824,824,824,824,824,807,807,807,807,807,807,802,802,802,802,802,808,808,808,808,808,808,808,825,825,825,825,825,825,825,825,810,810,810,810,810,810,810,810,820,820,820,820,820,810,810,810,810,810,810,810,810,829,829,829,829,811,811,811,811,811,811,811,811,811,811,811,811,811,811,811,818,818,817,817,817,817,817,817,817,817,817,817,809,809,809,809,809,809,809,809,809,809,818,818,800,800,800,800,800,800,800,800,818,818,836,836,818,818,836,836,836,836,836,836,812,812,812,812,812,812,812,812,812,812,812,812,812,812,812,812,821,821,821,821,821,821,821,821,821,821,790,790,790,790,790,790,790,790,821,821,813,813,813,813,813,813,813,813,813,813,813,813,813,813,813,819,792,792,783,783,783,783,783,783,783
793,793,793,793,793,797,797,797,797,797,797,788,788,788,788,814,814,814,814,814,814,814,814,814,814,814,814,815,815,815,815,815,815,815,815,816,816,816,816,816,816,816,816,816,806,806,806,806,806,806,806,806,806,806,795,795,795,795,795,795,823,823,823,823,823,823,823,823,823,823,823,823,823,823,823,823,823,823,823,823,823,823,823,823,824,824,824,824,824,824,824,824,824,824,807,807,807,807,802,802,802,802,802,802,808,808,808,808,808,808,825,825,825,825,825,825,825,825,825,810,810,810,810,810,810,810,810,820,820,820,820,820,810,810,810,810,810,810,810,829,829,829,829,829,811,811,811,811,811,811,811,811,811,811,811,811,811,811,811,818,818,817,817,817,817,817,817,817,817,817,817,817,817,817,817,817,817,809,809,809,809,818,818,800,800,800,800,800,800,818,818,818,818,836,836,836,836,836,836,836,836,836,836,812,812,812,812,812,812,812,812,812,812,812,812,812,812,812,812,821,821,821,821,821,821,821,821,821,821,821,821,790,790,790,790,821,821,821,821,813,813,813,813,813,813,813,813,813,813,813,813,813,813,813,819,792,792,783,783,783,783,783,783,783
793,793,793,793,793,797,797,797,797,797,797,788,788,788,788,814,814,814,814,814,814,814,814,814,814,814,814,815,815,815,815,815,815,815,815,816,816,816,816,822,822,822,822,816,806,806,806,806,806,806,806,806,806,795,795,795,795,795,795,795,795,795,795,795,795,795,795,823,823,862,862,823,823,847,847,847,847,847,823,823,823,823,823,823,823,823,823,824,824,823,823,824,824,824,807,807,807,802,802,824,824,802,802,808,808,808,808,808,808,808,808,808,808,808,808,808,825,825,825,810,810,825,825,810,810,810,810,810,810,825,825,820,820,820,820,810,810,810,810,829,829,829,829,829,829,829,829,829,811,811,811,811,811,811,811,811,818,818,818,818,818,818,817,817,817,817,817,817,817,817,817,817,817,817,817,817,817,817,818,818,818,818,800,800,800,800,800,800,818,818,818,818,818,818,836,836,836,836,836,836,836,836,812,812,812,812,812,812,812,812,812,812,812,812,812,812,812,812,812,812,821,821,821,821,821,821,821,821,821,821,821,821,821,821,821,821,813,813,813,813,813,813,813,813,813,813,813,813,813,813,813,813,813,813,819,792,792,783,783,783,783,783,783,783
793,793,793,793,793,826,826,826,826,797,797,797,797,788,788,814,814,814,814,814,814,851,851,814,814,831,831,815,815,815,815,815,815,815,815,815,815,815,815,822,822,822,822,816,816,816,816,816,806,806,827,827,795,795,795,795,795,795,795,795,795,795,795,795,862,862,862,862,862,862,862,862,847,847,847,847,847,847,823,823,828,828,828,828,828,828,823,823,823,823,823,823,824,824,807,807,824,824,824,824,824,802,802,808,808,808,808,808,808,808,808,808,808,808,808,808,825,825,825,825,825,825,825,810,810,810,810,810,825,825,825,825,825,825,820,820,820,820,820,820,829,829,829,829,829,829,829,829,829,829,829,829,811,811,829,829,818,818,818,818,818,818,818,818,817,817,817,817,817,817,817,817,817,817,817,817,817,817,818,818,818,818,800,800,800,800,800,800,818,818,818,818,818,818,836,836,836,836,836,836,836,836,812,812,812,812,812,812,812,812,812,812,812,812,812,812,812,812,812,812,821,821,821,821,821,821,821,821,821,821,821,821,821,821,821,813,813,813,813,813,813,813,813,813,813,813,813,813,813,813,813,813,813,813,819,792,792,783,783,783,783,783,783,783
793,793,793,793,793,826,830,830,826,797,797,797,797,788,788,814,814,814,830,830,814,851,851,814,814,831,831,815,815,815,815,831,831,815,815,815,815,815,815,822,822,822,822,816,816,816,816,816,827,827,827,827,795,875,875,875,875,875,875,795,795,862,862,862,862,862,862,832,832,862,862,862,847,847,847,847,847,828,828,828,828,828,828,828,828,828,828,828,828,824,824,823,824,824,824,824,824,855,855,855,855,855,855,855,855,834,834,834,834,834,834,834,834,834,834,834,834,825,825,825,825,825,825,825,825,825,825,825,825,825,825,825,825,825,825,820,820,820,820,820,820,820,820,820,820,820,820,820,820,820,820,829,829,829,829,829,829,818,818,818,818,818,818,818,818,818,818,818,818,818,818,818,818,818,818,818,818,818,818,818,818,818,818,818,818,818,818,818,818,818,818,818,818,836,836,836,836,812,812,812,812,812,812,812,812,812,812,812,812,812,812,812,812,812,812,812,812,812,812,821,821,821,821,821,821,821,821,821,821,821,821,821,821,833,833,813,813,813,813,813,813,813,813,813,813,813,813,819,819,819,819,819,819,819,819,792,792,783,783,783,783,783,783,783
793,793,793,793,793,826,830,830,830,797,797,797,797,788,814,814,814,814,830,830,830,851,814,814,831,831,831,815,815,815,815,831,831,815,815,815,815,815,815,822,822,822,816,816,816,816,816,816,827,827,827,827,827,875,875,875,875,875,875,795,795,862,862,862,862,862,862,832,832,862,862,862,862,847,847,847,847,828,828,828,828,828,828,828,828,828,828,828,828,824,824,823,824,824,824,824,824,855,855,855,855,855,855,855,855,834,834,834,834,834,834,834,834,834,834,834,834,825,825,825,825,825,825,825,825,825,825,834,834,834,834,834,834,820,820,820,820,820,820,820,820,820,820,820,820,820,820,820,820,829,829,829,829,829,829,829,829,835,835,818,818,835,835,835,835,835,835,818,818,818,818,818,818,818,818,818,818,818,818,818,818,836,836,836,836,836,836,836,836,836,836,836,836,836,836,836,836,812,812,836,836,836,836,836,836,836,836,836,836,833,833,833,833,833,833,833,833,833,833,833,833,833,833,833,833,833,833,833,833,833,833,833,833,833,833,819,819,819,819,819,819,819,819,819,819,819,819,819,819,819,819,819,819,819,819,783,783,783,783,783,783,783,783,783
793,793,793,793,793,826,830,830,830,830,797,797,797,788,814,814,814,830,830,830,830,851,814,814,831,831,831,831,815,815,815,831,831,815,815,815,815,815,815,822,822,822,816,816,816,816,816,816,827,827,827,827,827,875,875,875,875,875,875,875,795,795,862,862,862,862,862,832,832,862,862,862,862,847,837,837,847,847,828,828,828,828,828,828,828,828,828,828,828,828,824,824,824,824,824,855,855,855,855,855,855,855,855,855,855,855,834,834,834,834,834,834,834,834,834,834,834,834,825,825,825,825,825,825,825,825,834,834,834,834,834,834,820,820,820,820,820,820,820,820,820,820,820,820,820,820,820,820,829,829,838,838,829,829,829,829,835,835,835,835,835,835,835,835,835,835,835,835,818,818,818,818,818,818,818,818,818,818,818,818,818,818,836,836,836,836,836,836,836,836,836,836,836,836,836,836,836,836,836,836,836,836,836,836,836,836,836,836,836,836,833,833,833,833,833,833,833,833,833,833,833,833,833,833,833,833,833,833,833,833,833,833,833,833,819,819,819,819,819,819,819,819,819,819,819,819,819,819,819,819,819,819,819,819,819,783,783,783,783,783,783,783,783,783
793,793,826,826,826,826,826,830,830,830,830,797,788,788,788,814,814,830,830,830,830,851,814,814,831,831,831,831,815,815,831,831,831,815,815,815,815,815,822,822,822,822,816,816,816,816,816,816,827,827,827,827,827,875,875,875,875,875,875,875,795,795,862,862,832,862,832,832,832,862,862,862,847,847,837,837,878,847,828,828,828,828,828,828,828,828,878,828,824,828,824,824,824,824,855,855,855,855,855,855,852,852,852,852,852,852,834,834,834,834,834,834,834,834,834,834,834,834,825,825,825,825,825,825,834,834,834,834,834,834,834,834,820,820,820,820,820,820,820,820,820,820,820,820,820,820,829,829,829,829,838,838,838,838,838,838,835,835,835,835,835,835,835,835,835,835,835,835,835,835,835,835,835,835,835,835,835,835,835,835,818,818,836,836,836,836,836,836,836,836,836,836,836,836,836,836,833,833,833,833,833,833,833,833,836,836,836,836,836,836,833,833,833,833,833,833,833,833,833,833,833,833,833,833,833,833,819,819,819,819,819,819,819,819,819,819,819,819,819,819,819,819,839,839,839,839,839,839,839,839,839,839,783,783,783,783,783,783,783,783,783,783,783,783
793,793,826,826,826,826,826,830,830,830,830,797,788,788,788,814,814,814,830,830,830,851,814,814,831,831,831,831,815,815,831,831,831,831,815,815,815,815,822,822,822,822,816,816,816,816,816,827,827,827,827,827,827,875,875,875,875,846,875,875,795,862,862,862,832,862,832,832,832,862,862,862,847,837,837,837,878,847,828,828,828,828,828,828,828,878,878,828,824,828,824,824,824,824,855,855,855,855,855,852,852,852,852,852,852,852,852,852,852,834,834,840,840,840,840,834,834,834,834,834,834,834,834,834,834,834,834,834,834,820,820,820,820,820,820,820,820,820,820,820,820,820,820,820,820,829,829,829,829,829,829,829,829,829,829,838,838,835,835,835,835,835,835,835,835,835,835,841,841,841,841,835,835,835,835,818,818,818,818,818,818,836,836,836,836,836,836,836,836,833,833,833,833,833,833,833,833,833,833,833,833,833,833,833,833,833,833,833,833,833,833,833,833,833,833,833,833,833,833,833,833,833,833,819,819,819,819,819,819,819,819,819,819,819,819,819,819,819,819,819,819,819,819,819,819,839,839,839,839,839,839,839,839,839,839,783,783,783,783,783,783,783,783,783
793,793,826,826,826,826,826,830,830,830,830,797,788,788,788,814,814,814,830,830,830,851,814,814,831,831,831,831,831,815,831,831,831,831,831,815,815,815,822,822,822,822,822,816,816,816,816,827,827,827,827,827,827,875,875,875,875,846,875,875,795,862,862,862,832,862,832,832,832,862,862,862,847,837,837,837,878,847,847,828,828,828,828,828,878,878,828,828,824,828,828,824,824,824,855,855,852,852,852,852,852,852,852,852,840,840,840,840,840,840,840,840,840,840,840,840,840,840,834,834,834,834,834,834,820,820,820,820,820,820,820,820,820,820,842,842,842,842,820,820,820,820,820,820,829,829,829,829,842,842,842,842,829,829,829,829,838,838,838,838,838,838,835,835,835,835,835,835,841,841,841,841,841,841,841,841,841,841,843,843,843,843,843,843,843,843,836,836,836,836,836,836,836,836,836,836,836,836,836,839,839,839,839,839,839,839,839,839,839,839,839,839,839,839,839,839,839,839,839,839,839,839,839,839,839,839,839,839,839,839,839,839,839,839,839,839,839,839,839,839,839,839,839,839,839,839,839,839,839,839,839,839,839,839,839,783,783,783,783,783,783,783,783,783
793,793,826,826,826,826,826,830,830,830,830,830,788,788,788,814,814,830,830,830,830,851,814,814,831,831,831,831,831,831,831,831,831,831,831,815,815,886,822,822,822,822,822,827,827,827,827,827,827,827,827,827,827,875,875,875,875,846,875,875,795,795,862,862,832,832,832,832,832,862,862,862,847,837,837,837,878,878,847,828,828,828,828,828,878,878,828,828,824,828,828,824,824,824,855,855,852,852,852,852,852,852,852,852,840,840,840,840,840,840,840,840,840,840,840,840,840,840,834,834,834,834,834,834,820,820,820,820,820,820,820,820,820,820,842,842,842,842,820,820,820,820,820,820,829,829,829,829,842,842,842,842,829,829,829,829,838,838,838,838,838,838,835,835,835,835,835,835,841,841,841,841,841,841,841,841,841,841,843,843,843,843,843,843,843,843,836,836,836,836,836,836,836,836,836,836,836,836,839,839,839,839,839,839,839,839,839,839,839,839,839,839,839,839,839,839,839,839,839,839,839,839,839,839,839,839,839,839,839,839,839,839,839,839,839,839,839,839,839,839,839,839,839,839,839,839,839,839,839,839,839,839,839,839,839,783,783,783,783,783,783,783,783,783
793,793,826,826,826,826,830,830,830,830,844,830,830,788,788,814,814,830,830,830,851,851,814,814,831,831,831,831,831,831,831,831,831,831,845,815,815,886,822,822,822,822,822,827,827,827,827,827,827,827,827,827,827,875,875,875,875,846,846,875,795,795,846,862,862,832,832,832,832,862,862,862,847,837,837,837,878,878,847,828,828,828,847,828,878,878,828,828,824,828,824,824,824,824,855,855,855,852,852,852,852,852,852,852,852,840,840,840,840,840,840,840,840,840,840,840,840,834,834,834,834,834,834,834,834,834,834,834,834,820,820,820,820,820,820,842,842,842,842,820,820,820,820,842,842,842,842,842,842,842,842,838,838,838,838,838,838,838,838,838,838,835,835,835,835,835,835,841,841,841,841,841,841,841,841,841,841,843,843,843,843,843,843,843,843,843,843,843,843,843,843,843,843,843,843,843,843,843,839,839,839,839,839,839,839,839,848,848,848,848,848,848,848,848,848,848,848,848,848,848,848,848,848,848,848,848,848,848,848,848,848,848,848,848,848,848,848,848,848,848,848,848,848,848,848,848,848,848,849,849,849,849,849,849,849,849,783,783,783,783,783,783,783,783
793,793,826,826,826,826,830,830,830,830,844,830,830,788,788,814,814,830,830,851,851,814,814,814,831,831,831,831,831,831,831,831,831,845,845,815,815,886,822,822,822,822,822,827,827,827,827,827,827,827,827,827,827,875,875,875,875,846,846,875,795,846,846,862,862,832,832,832,832,832,862,862,847,847,837,837,878,878,847,828,828,828,847,828,878,828,828,824,824,828,824,824,824,855,855,855,855,852,852,852,852,852,852,852,852,840,840,840,840,840,840,840,840,840,840,840,840,834,834,834,834,834,834,834,834,834,834,834,834,820,820,820,820,820,820,842,842,842,842,842,842,842,842,842,842,842,842,842,842,842,842,838,838,838,838,838,838,838,838,838,838,835,835,835,835,835,835,841,841,841,841,841,841,841,841,841,841,843,843,843,843,843,843,843,843,843,843,850,850,843,843,843,843,843,843,843,843,843,843,843,843,843,843,839,839,848,848,848,848,848,848,848,848,848,848,848,848,848,848,848,848,848,848,848,848,848,848,848,848,848,848,848,848,848,848,848,848,848,848,848,848,848,848,849,849,849,849,849,849,849,849,849,849,849,849,849,849,849,849,783,783,783,783,783
793,793,826,826,826,826,830,830,830,830,844,830,830,788,788,814,830,830,830,851,851,814,851,814,814,831,831,831,831,831,831,831,845,845,815,815,886,886,886,822,822,822,822,827,827,827,827,827,827,827,827,827,875,875,875,875,875,846,846,875,795,846,846,862,832,832,832,832,832,832,847,862,847,847,837,837,878,878,847,828,828,828,847,828,878,828,828,824,824,828,824,824,824,855,855,855,855,855,852,852,852,852,852,852,852,852,852,852,840,840,852,852,852,852,840,840,840,840,840,840,853,853,853,853,853,853,853,853,853,853,853,853,853,853,853,853,853,853,853,853,842,842,842,842,842,842,842,842,842,842,842,842,838,838,838,838,838,838,838,838,838,838,841,841,835,835,835,835,841,841,841,841,841,841,843,843,841,841,843,843,843,843,843,843,843,843,843,843,850,850,850,843,843,843,843,843,843,843,843,843,843,843,843,843,843,848,848,848,848,848,848,848,848,848,848,848,848,848,848,848,848,848,848,848,848,848,848,848,848,848,848,849,849,849,849,849,849,849,849,849,849,849,849,849,849,849,849,849,849,849,849,849,849,849,849,849,849,849,849,849,849,783,783,783
793,793,826,826,826,826,830,830,830,844,844,830,830,814,814,814,830,830,830,851,851,814,851,851,814,831,831,831,831,831,831,831,845,845,815,815,886,886,886,822,822,822,822,827,827,827,827,827,827,827,827,827,875,875,875,875,875,846,846,875,795,846,846,862,832,832,832,832,832,847,847,862,847,847,837,878,878,847,847,828,828,847,847,878,878,828,828,824,824,828,824,824,824,855,855,855,855,855,852,852,852,852,852,852,852,852,852,852,840,840,852,852,852,852,840,840,840,840,840,840,853,853,853,853,853,853,853,853,853,853,853,853,853,853,853,853,853,853,853,853,842,842,842,842,842,842,842,842,842,842,842,842,838,838,838,838,838,838,838,838,838,838,841,841,835,835,835,835,841,841,841,841,841,841,843,843,841,841,843,843,843,843,843,843,843,843,843,843,850,850,850,850,843,843,843,843,843,843,843,843,843,843,843,843,843,843,848,848,848,848,848,848,848,848,848,848,848,848,848,848,848,848,848,848,848,848,848,848,848,848,849,849,849,849,849,849,849,849,849,849,849,849,849,849,849,849,849,849,849,849,849,849,849,849,849,849,849,849,849,849,849,783,783,783
826,826,826,826,826,826,826,830,830,844,844,830,830,814,814,814,814,830,830,851,851,814,851,851,814,831,831,831,831,831,831,831,831,845,845,815,886,886,886,822,822,822,822,827,827,827,827,827,827,827,827,827,875,875,875,875,875,846,846,875,795,846,846,862,832,832,832,832,832,847,847,862,847,847,837,878,878,847,847,828,828,847,847,878,878,828,828,824,824,828,824,824,824,855,855,855,855,852,852,852,852,852,852,852,852,852,852,852,852,852,852,840,840,840,840,840,840,840,840,840,840,853,853,853,853,853,853,853,853,853,853,853,853,853,853,853,853,853,853,853,853,842,842,842,842,842,842,842,842,842,842,838,838,838,838,838,838,838,838,841,841,841,841,835,835,835,835,841,841,841,841,843,843,843,843,843,843,843,843,843,843,843,843,843,843,843,843,850,850,850,850,850,850,850,850,850,850,850,850,850,850,850,850,850,850,850,849,849,849,849,849,849,849,849,849,849,849,849,849,849,849,849,849,849,849,849,849,849,849,849,849,849,849,849,849,849,849,849,849,849,849,849,849,849,849,849,849,849,849,854,854,854,854,854,854,854,854,854,854,854,854,854,854,854
826,826,826,826,826,826,826,830,830,844,844,830,830,814,814,814,814,830,830,830,851,851,851,851,814,831,831,831,831,831,831,831,831,845,845,886,886,886,886,822,822,822,822,827,827,827,827,827,827,827,827,875,875,875,875,875,875,846,846,795,795,846,846,862,832,832,832,832,832,847,847,862,847,847,837,837,878,878,847,847,828,828,847,878,878,828,828,828,824,824,824,824,824,824,855,855,855,852,852,852,852,852,852,852,852,852,852,852,852,852,852,840,840,840,840,840,840,840,840,840,840,853,853,853,853,853,853,853,853,853,853,853,853,853,853,853,853,853,853,853,853,842,842,842,842,842,842,842,842,842,842,838,838,838,838,838,838,838,838,841,841,841,841,841,841,841,841,841,841,841,841,843,843,843,843,843,843,843,843,843,843,843,843,843,843,843,843,850,850,850,850,850,850,850,850,850,850,850,850,850,850,850,850,850,850,850,850,850,850,850,850,850,850,850,850,850,850,850,850,850,850,850,850,850,850,850,850,850,850,849,849,849,849,849,849,849,849,849,849,849,849,849,849,849,849,849,849,849,849,854,854,854,854,854,854,854,854,854,854,854,854,854,854,854
826,826,826,826,826,826,826,844,844,844,844,830,830,814,830,830,830,830,830,830,851,851,851,851,814,831,831,831,831,831,831,831,845,845,886,886,886,886,886,822,822,822,822,827,827,827,827,827,827,827,827,875,875,875,875,875,846,846,846,795,846,846,862,862,832,832,832,832,832,847,847,862,847,847,837,837,837,878,878,847,847,828,847,878,878,828,828,828,828,824,824,824,824,824,824,824,855,855,852,852,852,852,852,852,852,852,852,852,855,855,855,855,855,855,855,855,856,856,856,856,856,856,856,856,856,856,856,856,856,856,856,856,856,856,856,856,856,856,856,856,853,853,856,856,856,856,856,856,856,856,842,842,866,866,866,866,866,866,838,838,866,866,866,866,866,866,861,861,861,861,841,841,841,841,841,841,841,841,843,843,843,843,857,857,857,857,843,843,850,850,850,850,850,850,850,850,850,858,858,850,850,850,850,850,850,850,850,850,850,859,859,859,859,859,859,859,859,859,859,859,859,859,859,859,859,859,859,859,859,859,859,854,854,854,854,854,854,854,854,854,854,854,854,854,854,854,854,854,854,854,854,854,854,854,854,854,854,854,854,854,854,854,854,854
826,826,826,826,826,826,826,844,844,844,844,830,830,830,830,830,830,830,830,851,851,851,851,814,814,831,831,831,831,831,831,831,845,845,886,886,886,886,886,886,822,822,822,822,827,827,827,827,827,827,827,875,875,875,875,846,846,846,846,846,846,862,862,832,832,832,832,832,832,847,847,847,847,837,837,837,837,878,878,847,847,847,847,878,878,828,828,828,828,824,824,824,824,824,824,824,855,855,852,852,852,852,852,852,852,852,852,852,855,855,855,855,855,855,855,855,856,856,856,856,856,856,856,856,856,856,856,856,856,856,856,856,856,856,856,856,856,856,856,856,853,853,856,856,856,856,856,856,856,856,842,842,866,866,866,866,866,866,838,838,866,866,866,866,866,866,861,861,861,861,841,841,841,841,841,841,841,841,843,843,843,843,857,857,857,857,843,843,858,858,850,850,850,850,850,850,858,858,858,858,850,850,850,850,850,850,850,850,859,859,859,859,859,859,859,859,859,859,859,859,859,859,859,859,859,859,859,859,859,859,854,854,854,854,854,854,854,854,854,854,854,854,854,854,854,854,854,854,854,854,854,854,854,854,854,854,854,854,854,854,854,854,854,854
826,826,826,826,826,826,844,844,844,844,830,830,830,830,830,830,830,830,830,851,851,851,814,814,831,831,831,831,831,831,831,831,831,845,886,886,886,886,886,886,886,822,822,822,822,827,827,827,827,827,827,875,875,875,875,846,846,846,846,846,846,862,862,832,832,832,832,832,832,847,847,847,847,837,837,837,837,878,878,847,847,847,847,878,878,828,828,828,828,824,824,824,824,824,860,860,855,852,852,852,852,852,852,852,852,852,852,852,852,855,855,855,855,855,855,856,856,856,856,856,856,856,856,856,856,856,856,856,856,856,856,856,856,856,856,856,856,856,856,856,856,856,856,856,856,856,856,856,856,866,866,866,866,866,866,866,866,866,866,866,866,866,866,866,866,861,861,861,861,841,841,841,841,841,841,841,841,861,861,857,857,857,857,857,857,858,858,858,858,858,858,858,858,858,858,858,858,858,858,858,858,858,858,858,858,858,858,858,858,858,858,858,858,858,858,858,858,858,858,858,858,859,859,859,859,859,859,859,859,859,854,854,854,854,854,854,854,854,854,854,854,854,854,854,854,854,854,854,854,854,854,854,854,854,854,854,854,854,854,854,854,854,854,854
826,826,826,826,826,844,844,844,844,844,830,830,830,830,830,830,830,830,830,851,851,851,814,831,831,831,831,831,831,831,831,831,831,845,886,886,886,886,886,886,886,822,822,822,822,827,827,827,827,827,827,875,875,875,875,846,846,846,846,846,846,862,862,832,832,832,832,832,832,862,847,847,847,837,837,837,837,878,878,878,847,847,847,878,878,828,828,828,828,824,824,824,824,860,860,860,855,855,855,855,855,855,855,855,855,855,855,855,855,855,855,855,855,855,855,855,855,856,856,856,856,856,856,856,856,856,856,856,856,856,856,856,856,856,856,856,856,856,856,856,856,856,856,856,856,856,856,856,856,866,866,866,866,866,866,866,866,866,866,866,866,866,866,866,866,861,861,861,861,861,861,861,861,861,861,861,861,861,861,857,857,857,857,857,857,858,858,858,858,858,858,858,858,858,858,858,858,858,858,858,858,858,858,858,858,858,858,858,858,858,858,858,858,858,858,858,858,858,858,858,858,859,859,859,859,859,859,859,859,859,859,859,859,859,859,859,859,859,859,859,859,859,859,859,859,859,859,859,859,859,859,859,859,859,859,859,859,859,859,859,859,859,859,859
826,826,826,844,844,844,844,844,844,844,844,830,830,830,830,830,830,830,830,851,851,851,814,831,831,831,831,831,831,831,831,831,863,845,886,886,886,886,886,886,886,822,822,822,822,827,827,827,827,827,875,875,875,875,875,846,846,846,846,846,846,862,862,832,832,832,832,832,832,862,847,847,847,837,837,837,837,878,878,878,847,847,847,878,878,828,828,828,828,828,860,824,824,860,860,860,860,860,860,860,860,860,864,864,855,855,855,855,855,855,855,855,855,855,855,855,855,855,864,864,864,864,864,864,864,864,864,864,864,864,864,864,864,864,865,865,865,865,865,865,856,856,856,856,865,865,865,865,865,865,865,865,865,865,865,865,865,865,865,865,865,865,866,866,866,866,861,861,866,866,866,866,866,866,866,866,861,861,861,861,861,861,857,857,857,857,857,857,857,857,858,858,858,858,858,858,858,858,858,858,858,858,858,858,867,867,858,858,858,858,858,858,858,858,858,858,858,858,858,858,858,867,867,867,867,867,867,867,867,867,867,867,867,867,867,867,867,867,867,867,867,867,867,867,867,867,867,867,867,867,867,867,867,868,868,868,868,868,868,868,868,868,868,859
826,826,826,844,844,844,844,844,844,844,844,844,830,830,830,830,830,830,830,851,851,851,814,831,831,831,831,831,831,831,831,863,863,845,886,886,886,886,886,886,886,822,822,822,822,827,827,827,827,875,875,875,875,875,875,846,846,846,846,846,846,862,862,832,832,832,832,832,832,862,847,847,847,837,837,837,837,878,878,878,847,847,847,878,878,828,828,828,828,828,860,860,860,860,860,860,860,860,860,860,860,860,864,864,855,855,855,855,855,855,855,855,855,855,855,855,855,855,864,864,864,864,864,864,864,864,864,864,864,864,864,864,864,864,865,865,865,865,865,865,856,856,856,856,865,865,865,865,865,865,865,865,865,865,865,865,865,865,865,865,865,865,866,866,866,866,861,861,866,866,866,866,866,866,866,866,861,861,861,861,861,861,857,857,857,857,857,857,857,857,858,858,858,858,858,858,858,858,858,858,858,858,858,858,867,867,858,858,858,858,858,858,858,858,858,858,858,858,858,858,867,867,867,867,867,867,867,867,867,867,867,867,867,867,867,867,867,867,867,867,867,867,867,867,867,867,867,867,867,867,868,868,868,868,868,868,868,868,868,868,868,868,868,869
826,826,844,844,844,844,844,844,844,844,844,844,870,830,830,830,830,830,851,851,851,851,851,831,831,831,831,831,831,831,863,863,845,845,886,886,886,886,886,886,886,822,822,822,822,827,827,827,827,875,875,875,875,875,846,846,846,846,846,846,846,862,862,832,832,832,832,832,832,862,862,847,847,837,837,837,837,878,878,878,878,847,847,878,878,828,828,828,828,828,828,860,860,860,860,860,860,860,860,860,860,860,864,864,864,864,855,855,855,855,855,855,855,855,855,855,864,864,864,864,864,864,864,864,864,864,864,864,864,864,864,864,864,864,865,865,865,865,865,865,865,865,856,856,865,865,865,865,865,865,865,865,865,865,865,865,865,865,865,865,865,865,866,866,866,866,866,866,866,866,866,866,866,866,866,866,861,861,861,861,861,861,857,857,857,857,857,857,857,857,857,857,857,857,857,857,857,857,857,857,857,857,867,867,867,867,867,867,867,867,867,867,867,867,867,867,867,867,867,867,867,867,867,867,867,867,867,867,867,867,867,867,868,868,868,868,868,868,868,868,868,868,868,868,868,868,868,868,868,868,868,868,868,868,868,868,868,868,868,868,868,868,868,869
826,826,844,844,844,844,844,844,844,844,844,870,870,830,830,830,830,851,851,851,851,851,851,831,831,831,831,831,831,863,863,845,845,886,886,886,886,886,886,886,886,822,822,822,822,827,827,827,827,875,875,875,875,846,846,846,846,846,846,846,846,862,862,832,832,832,832,832,832,862,862,847,847,837,837,837,837,878,878,878,878,847,847,878,878,828,828,828,828,828,828,860,860,860,860,860,860,860,860,860,860,860,860,864,864,864,864,864,864,864,864,864,864,864,864,864,864,864,864,864,864,864,864,864,864,864,864,864,864,864,864,864,864,864,864,864,864,864,864,865,865,865,865,865,865,865,865,865,865,865,865,865,865,865,865,866,866,866,866,866,866,866,866,866,866,866,866,866,866,866,866,866,866,866,866,866,866,861,861,861,861,861,861,861,861,857,857,857,871,871,871,871,857,857,857,857,857,857,857,857,857,857,871,871,871,871,871,871,871,871,867,867,867,867,871,871,871,871,872,872,872,872,872,872,872,872,872,872,872,872,867,867,867,867,867,867,867,867,873,873,873,873,874,874,874,874,874,874,874,874,874,874,874,874,868,868,868,868,868,868,868,868,868,869
826,844,844,844,844,844,844,844,844,844,844,870,870,870,870,870,870,851,851,851,851,851,851,863,863,863,863,863,863,863,863,845,845,886,886,886,886,886,886,886,886,822,822,822,822,886,886,886,886,886,886,875,875,846,846,846,846,875,875,881,881,862,862,862,862,862,862,862,862,862,862,876,876,837,837,837,837,837,837,878,878,878,878,878,878,878,878,878,878,878,878,878,878,860,860,860,860,860,860,860,860,860,860,860,860,860,860,860,860,877,877,864,864,864,864,864,864,864,864,864,864,882,882,882,882,882,882,882,882,864,864,864,864,864,864,864,864,864,864,880,880,880,880,880,880,880,880,880,880,880,880,880,880,880,880,866,866,866,866,866,866,866,866,866,866,866,866,866,866,866,866,861,861,861,861,861,861,861,861,861,861,861,861,857,857,857,857,857,871,871,871,871,857,857,857,857,857,857,857,857,857,857,871,871,871,871,871,871,871,871,867,867,867,867,871,871,871,871,872,872,872,872,872,872,872,872,872,872,872,872,867,867,867,867,867,867,867,867,873,873,873,873,874,874,874,874,874,874,874,874,874,874,874,874,868,868,868,868,868,868,868,868,868,869
844,844,844,844,844,844,844,844,844,844,844,844,870,870,870,870,870,870,851,851,851,851,851,851,851,851,863,863,863,863,863,863,845,845,845,845,886,886,886,886,886,886,886,886,886,886,886,886,886,886,886,886,875,875,875,875,875,875,881,881,881,881,881,881,862,862,881,881,876,876,876,876,876,876,876,876,876,876,837,837,837,837,878,878,878,878,878,878,878,878,878,878,878,878,878,878,860,860,860,860,860,860,860,860,878,878,860,860,877,877,877,877,877,877,864,864,864,864,864,864,864,864,882,882,882,882,879,879,882,882,882,882,864,864,864,864,864,864,880,880,880,880,880,880,880,880,880,880,880,880,880,880,880,880,880,880,866,866,880,880,861,861,861,861,866,866,866,866,866,866,861,861,861,861,861,861,861,861,861,861,861,861,857,857,857,857,871,871,871,871,871,871,871,871,871,871,871,871,857,857,857,857,871,871,871,871,871,871,871,871,871,871,871,871,871,871,872,872,872,872,872,872,872,872,872,872,872,872,872,872,872,872,873,873,873,873,873,873,873,873,873,873,874,874,874,874,874,874,874,874,874,874,874,874,868,868,868,868,868,868,868,868,868,869
890,890,890,844,844,844,844,844,844,844,844,844,844,844,844,844,844,870,870,870,870,851,851,851,851,851,851,851,851,863,863,863,863,845,845,845,845,845,845,845,845,845,845,845,845,845,845,845,845,845,845,886,886,886,886,875,875,881,881,886,886,881,881,881,881,881,881,881,881,881,881,876,876,881,881,881,881,876,876,837,837,837,837,837,837,878,878,878,878,878,878,878,878,878,878,878,878,860,860,860,860,860,860,878,878,878,878,877,877,877,877,877,877,877,877,864,864,864,864,864,864,864,864,879,879,879,879,879,879,879,879,882,882,880,880,880,880,880,880,882,882,880,880,880,880,880,880,880,880,880,880,880,880,880,880,880,880,880,880,880,880,861,861,861,861,861,861,861,861,861,861,861,861,861,861,896,896,861,861,861,861,857,857,871,871,871,871,871,871,871,871,871,871,871,871,871,871,871,871,871,871,871,871,883,883,871,871,883,883,871,871,871,871,872,872,872,872,872,872,872,872,872,872,872,872,872,872,872,872,872,872,872,872,872,872,873,873,873,873,873,873,873,873,874,874,874,874,874,874,874,874,869,869,869,869,868,868,884,884,868,868,868,868,869
890,890,890,890,844,844,844,844,844,844,844,844,844,844,844,844,885,885,870,870,870,870,851,851,851,851,851,851,851,851,863,863,863,863,845,845,845,845,845,845,845,845,845,845,845,845,845,845,886,886,886,886,886,886,886,886,886,886,886,886,886,886,881,881,881,881,886,886,886,886,881,881,881,881,881,881,881,881,876,876,876,876,837,837,837,837,878,878,878,878,878,878,878,878,878,878,878,878,860,860,878,878,878,878,877,877,877,877,877,877,877,877,879,879,879,879,879,879,864,864,864,864,879,879,882,882,882,882,879,879,882,882,882,882,880,880,880,880,882,882,880,880,880,880,887,887,880,880,888,888,888,888,888,888,888,888,880,880,888,888,880,880,880,880,880,880,861,861,861,861,861,861,896,896,896,896,896,896,861,861,857,857,857,857,871,871,871,871,871,871,871,871,871,871,871,871,871,871,871,871,871,871,883,883,883,883,883,883,889,889,889,889,889,889,872,872,872,872,872,872,889,889,872,872,894,894,894,894,872,872,872,872,872,872,872,872,873,873,873,873,873,873,873,873,874,874,874,874,869,869,869,869,869,869,869,869,869,869,884,884,884,868,868,869
890,890,890,890,890,890,890,844,844,890,890,890,890,890,890,885,885,885,885,885,885,870,870,870,870,870,870,870,870,870,870,863,863,863,863,863,863,845,845,845,845,845,845,845,845,845,845,845,845,845,845,891,891,886,886,886,886,886,886,891,891,886,886,886,886,886,886,881,881,881,881,881,881,892,892,892,892,881,881,876,876,876,876,876,876,837,837,837,837,837,837,837,837,837,837,837,837,878,878,878,878,877,877,877,877,877,877,877,877,879,879,879,879,879,879,879,879,879,879,879,879,879,879,882,882,882,882,882,882,882,882,882,882,882,882,882,882,882,882,880,880,887,887,887,887,888,888,888,888,888,888,888,888,888,888,888,888,888,888,888,888,888,888,880,880,880,880,861,861,896,896,896,896,893,893,893,893,896,896,896,896,857,857,857,857,871,871,871,871,871,871,883,883,883,883,883,883,883,883,871,871,883,883,883,883,889,889,889,889,889,889,889,889,889,889,889,889,889,889,889,889,894,894,894,894,894,894,894,894,872,872,894,894,894,894,873,873,874,874,874,874,874,874,874,874,869,869,869,869,869,869,869,869,884,884,884,884,869,869,884,884,884,868,869
890,890,890,890,890,890,890,890,890,890,890,890,890,890,890,890,885,885,885,885,885,885,870,870,870,870,870,870,870,870,870,870,863,863,863,863,863,863,845,845,845,845,845,845,845,845,845,845,845,845,845,845,891,891,886,886,891,891,891,891,891,891,886,886,886,886,881,881,881,881,892,892,892,892,892,892,881,881,881,881,881,881,876,876,876,876,837,837,837,837,837,837,895,895,837,837,895,895,878,878,877,877,877,877,877,877,877,877,879,879,879,879,879,879,879,879,879,879,879,879,879,879,882,882,882,882,882,882,887,887,887,887,887,887,887,887,882,882,887,887,887,887,888,888,888,888,888,888,888,888,888,888,888,888,888,888,888,888,888,888,888,888,888,888,888,888,880,880,896,896,896,896,893,893,896,896,893,893,893,893,896,896,896,896,896,896,896,896,871,871,871,871,883,883,883,883,883,883,883,883,883,883,889,889,889,889,889,889,889,889,889,889,889,889,889,889,889,889,894,894,894,894,894,894,894,894,894,894,894,894,894,894,894,894,873,873,874,874,874,874,874,874,874,874,869,869,869,869,869,869,869,869,884,884,884,884,884,884,884,884,884,884,868,869
890,890,890,890,890,890,890,890,890,890,890,890,890,890,890,890,890,885,885,885,885,885,885,885,885,870,870,870,870,870,870,870,870,870,870,863,863,863,863,863,863,845,845,845,845,845,845,891,891,891,891,845,845,891,891,891,891,891,891,891,891,891,891,891,891,881,881,881,881,881,881,892,892,892,892,881,881,881,881,881,881,881,881,876,876,876,876,876,876,876,876,895,895,895,895,895,895,895,895,877,877,877,877,877,877,877,877,879,879,879,879,879,879,879,879,879,879,879,879,879,879,882,882,882,882,882,882,882,882,887,887,887,887,887,887,887,887,887,887,887,887,888,888,888,888,888,888,888,888,888,888,888,888,897,897,888,888,888,888,888,888,897,897,897,897,897,897,880,880,880,880,896,896,896,896,896,896,893,893,893,893,896,896,896,896,896,896,896,896,896,896,871,871,871,871,883,883,883,883,883,883,889,889,889,889,889,889,889,889,889,889,889,889,889,889,894,894,894,894,894,894,894,894,894,894,894,894,894,894,873,873,873,873,873,873,874,874,874,874,874,874,869,869,869,869,884,884,869,869,884,884,884,884,884,884,884,884,884,884,884,884,884,868,869
890,890,890,890,890,890,890,890,890,890,890,890,890,890,890,890,890,885,885,885,885,885,885,885,885,870,870,870,870,870,870,870,870,870,870,863,863,863,863,863,863,863,863,845,845,845,845,891,891,891,891,891,891,891,891,891,891,891,891,891,891,891,891,891,891,881,881,881,881,881,881,892,892,892,892,881,881,881,881,881,881,881,881,876,876,876,876,876,876,876,876,895,895,895,895,895,895,895,895,877,877,877,877,877,877,877,877,879,879,879,879,879,879,879,879,879,879,879,879,879,879,882,882,882,882,882,882,882,882,887,887,887,887,887,887,887,887,887,887,888,888,888,888,888,888,888,888,888,888,897,897,897,897,897,897,897,897,897,897,897,897,897,897,897,897,897,897,897,897,897,897,896,896,896,896,896,896,893,893,893,893,893,893,893,893,896,896,896,896,896,896,871,871,871,871,883,883,883,883,883,883,889,889,889,889,889,889,889,889,889,889,889,889,894,894,894,894,894,894,894,894,894,894,894,894,894,894,873,873,873,873,873,873,873,873,874,874,874,874,874,874,869,869,869,869,884,884,869,869,884,884,884,884,884,884,884,884,884,884,884,884,884,868,869
890,890,890,890,890,890,890,890,890,890,890,890,890,890,890,885,885,885,885,885,885,885,885,885,885,870,870,870,870,870,870,870,870,870,870,870,870,870,870,863,863,863,863,863,863,863,863,891,891,891,891,891,891,891,891,891,891,891,891,881,881,881,881,881,881,881,881,881,881,892,892,892,892,892,892,881,881,881,881,881,881,881,881,876,876,876,876,876,876,876,876,895,895,895,895,895,895,895,895,895,895,877,877,877,877,877,877,877,877,879,879,879,879,879,879,879,879,879,879,882,882,882,882,882,882,882,882,887,887,887,887,887,887,887,887,887,887,887,887,888,888,888,888,888,888,888,888,888,888,897,897,897,897,897,897,897,897,893,893,897,897,897,897,897,897,897,897,897,897,897,897,896,896,896,896,896,896,897,897,893,893,893,893,893,893,893,893,896,896,896,896,871,871,871,871,883,883,883,883,883,883,889,889,889,889,889,889,889,889,889,889,889,889,894,894,894,894,894,894,894,894,894,894,894,894,894,894,873,873,873,873,873,873,873,873,874,874,874,874,874,874,869,869,869,869,884,884,884,884,884,884,884,884,884,884,884,884,884,884,884,884,884,868,869
890,890,890,890,890,890,890,890,890,890,890,890,890,890,890,885,885,885,885,885,885,885,885,885,885,870,870,870,870,870,870,870,870,870,870,870,870,870,870,863,863,863,863,863,863,863,863,891,891,891,891,891,891,891,891,891,891,891,891,881,881,881,881,881,881,881,881,881,881,892,892,892,892,892,892,881,881,881,881,881,881,881,881,876,876,876,876,876,876,876,876,895,895,895,895,895,895,895,895,895,895,877,877,877,877,877,877,877,877,879,879,879,879,879,879,879,879,879,879,882,882,882,882,882,882,882,882,887,887,887,887,887,887,887,887,887,887,887,887,888,888,888,888,888,888,888,888,888,888,897,897,897,897,897,897,897,897,893,893,897,897,897,897,897,897,897,897,897,897,897,897,897,897,896,896,896,896,897,897,893,893,893,893,893,893,893,893,896,896,896,896,871,871,871,871,883,883,883,883,883,883,889,889,889,889,889,889,889,889,889,889,889,889,894,894,894,894,894,894,894,894,894,894,894,894,894,894,873,873,873,873,873,873,873,874,874,874,874,874,874,874,874,869,869,869,869,869,869,869,869,869,869,884,884,884,884,884,884,884,884,884,884,868,869
890,890,890,890,890,890,890,890,890,890,890,890,885,885,885,885,885,885,885,885,885,885,885,885,885,885,870,870,870,870,870,870,870,870,870,870,870,870,863,863,863,863,863,863,863,863,863,863,863,863,891,891,891,891,891,891,891,891,891,891,891,891,892,892,892,892,892,892,892,892,892,892,892,892,892,892,881,881,881,881,881,881,881,881,876,876,876,876,876,876,876,876,895,895,895,895,895,895,895,895,895,877,877,877,877,877,877,879,879,879,879,879,879,879,879,879,879,879,879,882,882,882,882,882,882,882,882,887,887,887,887,887,887,887,887,887,887,887,887,888,888,888,888,888,888,888,888,888,888,888,888,897,897,897,897,897,897,893,893,893,893,893,893,893,893,893,893,893,897,897,897,897,897,897,897,897,897,897,893,893,893,893,893,893,893,893,893,893,896,896,896,896,883,883,883,883,883,883,883,883,883,883,883,883,883,883,883,883,889,889,889,889,873,873,894,894,894,894,894,894,894,894,894,894,894,894,873,873,873,873,873,873,873,873,873,873,873,873,873,873,874,874,869,869,869,869,869,869,869,869,869,869,869,869,868,868,884,884,884,884,884,884,868,869
890,890,890,890,890,890,890,890,890,890,890,890,885,885,885,885,885,885,885,885,885,885,885,885,885,885,870,870,870,870,870,870,870,870,870,870,870,870,863,863,863,863,863,863,863,863,863,863,863,863,891,891,891,891,891,891,891,891,891,891,891,891,892,892,892,892,892,892,892,892,892,892,892,892,892,892,881,881,881,881,881,881,881,881,876,876,876,876,876,876,876,876,895,895,895,895,895,895,895,895,895,895,895,877,877,877,877,879,879,879,879,879,879,879,879,879,879,879,879,882,882,882,882,882,882,887,887,887,887,887,887,887,887,887,887,887,887,887,887,888,888,888,888,888,888,888,888,888,888,888,888,897,897,897,897,898,898,898,898,898,898,898,898,898,898,898,898,893,893,893,893,893,893,893,893,893,893,893,893,893,893,893,893,893,893,893,893,893,893,893,893,896,896,896,896,883,883,883,883,883,883,883,883,883,883,883,883,883,883,873,873,873,873,873,873,873,873,873,873,873,873,873,873,873,873,873,873,899,899,899,899,899,899,899,899,873,873,873,873,873,873,873,873,873,873,869,869,869,869,869,869,868,868,868,868,868,868,868,868,868,868,868,868,869
890,890,890,890,890,890,890,890,890,890,890,890,885,885,885,885,885,885,885,885,885,885,885,885,885,885,870,870,870,870,870,870,870,870,870,870,870,870,863,863,863,863,863,863,863,863,863,863,863,863,891,891,891,891,891,891,891,891,891,891,891,891,892,892,892,892,892,892,892,892,892,892,892,892,892,892,881,881,881,881,881,881,881,881,881,881,876,876,876,876,876,876,895,895,895,895,895,895,895,895,895,895,895,877,877,879,879,879,879,879,879,879,879,879,879,879,879,879,879,882,882,882,882,882,882,887,887,887,887,887,887,887,887,887,887,887,887,887,887,888,888,888,888,888,888,888,888,897,897,897,897,897,897,897,897,898,898,898,898,898,898,898,898,898,898,898,898,898,898,898,898,898,898,898,898,898,898,898,893,893,893,893,893,893,893,893,893,893,893,893,893,893,896,896,896,883,883,883,883,883,883,883,883,883,883,883,883,883,883,883,883,883,883,883,899,899,899,899,899,899,899,899,899,899,899,899,899,899,899,899,899,899,899,899,899,899,899,873,873,873,873,873,873,873,873,873,873,869,869,869,869,869,869,869,869,869,869,869,869,869,869,869,869,869
890,890,890,890,890,890,890,890,890,890,890,890,885,885,885,885,885,885,885,885,885,885,885,885,885,885,870,870,870,870,870,870,870,870,870,870,870,870,863,863,863,863,863,863,863,863,863,863,863,863,891,891,891,891,891,891,891,891,891,891,891,891,892,892,892,892,892,892,892,892,892,892,892,892,892,892,881,881,881,881,881,881,881,881,881,881,876,876,876,876,876,876,895,895,895,895,895,895,895,895,895,895,895,877,877,879,879,879,879,879,879,879,879,879,879,879,879,879,879,882,882,882,882,882,882,887,887,887,887,887,887,887,887,887,887,887,887,887,887,888,888,888,888,888,888,888,888,897,897,897,897,897,897,897,897,898,898,898,898,898,898,898,898,898,898,898,898,898,898,898,898,898,898,898,898,898,898,898,893,893,893,893,893,893,893,893,893,893,893,893,893,893,896,896,896,883,883,883,883,883,883,883,883,883,883,883,883,883,883,883,883,883,883,883,899,899,899,899,899,899,899,899,899,899,899,899,899,899,899,899,899,899,899,899,899,899,899,873,873,873,873,873,873,873,873,873,873,869,869,869,869,869,869,869,869,869,869,869,869,869,869,869,869,869
890,890,890,890,890,890,890,890,890,890,890,885,885,885,885,885,885,885,885,885,885,885,885,885,885,885,870,870,870,870,870,870,870,870,870,870,870,870,863,863,863,863,863,863,863,863,863,863,863,863,891,891,891,891,891,891,891,891,891,891,891,891,891,891,892,892,892,892,892,892,892,892,892,892,892,892,881,881,881,881,881,881,881,881,881,881,881,881,881,881,876,876,895,895,895,895,895,895,895,895,895,895,895,877,877,879,879,879,879,879,879,879,879,879,879,879,879,879,879,882,882,882,882,882,882,887,887,887,887,887,887,887,887,887,887,887,887,887,887,888,888,888,888,888,888,888,897,897,897,897,897,897,897,897,897,897,897,897,898,898,898,898,898,898,898,898,898,898,898,898,898,898,898,898,898,898,898,898,893,893,893,893,893,893,893,893,893,893,893,893,893,893,896,896,883,883,883,883,883,883,883,883,883,883,883,883,883,883,883,883,883,883,883,883,899,899,899,899,899,899,899,899,899,899,899,899,899,899,899,899,899,899,899,899,899,899,899,873,873,873,873,873,873,873,873,873,873,869,869,869,869,869,869,869,869,869,869,869,869,869,869,869,869,869